1.218387076933399697e-02
5.228049182802793106e-03
6.804851182321924701e-03
1.130600582633930345e-02
6.816034175226315557e-03
6.139463104510660060e-03
5.429343055081831126e-03
9.427263018401615263e-03
4.327818253999317875e-03
3.651247183283662379e-03
3.723936637162203814e-03
4.954065856645213650e-03
3.069731552255330030e-03
2.655960814792863132e-03
3.880498537823677541e-03
5.429343055081831126e-03
4.025877445580760411e-03
7.319268855923911042e-03
7.196255933975609885e-03
5.669777402526238012e-03
6.441403912929217525e-03
8.113261352135671400e-03
3.858132552014895827e-03
5.015572317619364229e-03
3.377263857126082489e-03
6.049999161275532340e-03
6.407854934216044088e-03
2.465849935418215969e-03
2.745424758027990852e-03
4.445239679495423604e-03
3.349306374865105348e-03
5.367836594107681415e-03
7.604435174985881138e-04
4.378141722069077597e-03
1.957023758268425489e-03
4.271903289477362725e-03
3.600923715213902657e-03
6.709795742634600685e-05
1.733363900180605321e-03
7.436690281420016120e-04
1.957023758268425489e-03
3.707162147805617095e-03
1.235720715935205698e-03
3.427587325195842211e-03
2.113585658929899216e-03
3.371672360673887061e-03
3.874907041371482112e-03
2.756607750932382143e-03
1.912291786650861412e-03
3.287799913890954769e-03
1.291635680457160849e-03
7.380775316898061838e-04
1.889925800842079265e-03
9.505543968732351693e-04
3.019408084185570742e-03
2.851663190619705291e-04
2.024121715694771496e-03
4.612984573061288188e-03
2.303696538304546380e-03
1.017652354299581176e-03
3.556191743596338797e-03
2.107994162477703787e-03
1.560027510162544876e-03
1.179805751413250765e-03
2.868437679976292010e-03
2.253373070234787091e-03
3.701570651353421667e-03
3.030591077089961598e-03
3.645655686831466517e-03
1.811644850511342402e-03
1.778095871798169398e-03
3.103280530968503034e-03
3.969962481058805586e-04
2.907578155141660441e-03
2.421117963800652109e-03
9.002309288034756642e-04
5.815156310283321316e-04
1.459380574023025866e-03
6.486135884546781385e-04
1.957023758268425489e-03
2.158317630547463509e-03
2.454666942513825112e-03
4.808686948888130672e-04
1.314001666265942779e-03
7.660350139507836505e-04
2.163909126999658938e-03
9.896948720386036010e-04
1.934657772459643342e-03
2.465849935418215969e-03
2.113585658929899216e-03
2.365202999278696958e-03
2.225415587973809516e-03
2.001755729885989349e-03
6.821625671678511419e-04
2.465849935418215969e-03
1.526478531449371873e-03
2.544130885748952832e-03
2.286922048947960095e-03
1.459380574023025866e-03
5.479666523151591282e-04
2.314879531208937236e-03
1.498521049188394298e-03
2.689509793506036136e-03
2.706284282862622421e-03
2.376385992183087815e-03
1.889925800842079265e-03
1.772504375345973753e-03
1.157439765604468618e-03
3.064140055803134602e-03
3.019408084185570850e-04
6.821625671678511419e-04
1.515295538544980799e-03
9.617373897776261343e-04
2.460258438966020432e-04
2.024121715694771496e-03
1.839602332772319760e-03
8.219499784727386923e-04
2.359611502826501530e-03
1.504112545640589726e-03
4.137707374624670603e-04
1.258086701743987845e-03
7.995839926639566539e-04
1.375508127240093357e-03
2.924352644498247160e-03
4.417282197234445812e-04
8.610904536381071240e-04
1.526478531449371873e-03
6.933455600722421069e-04
9.281884110644531309e-04
2.918761148046051732e-03
7.492605245941971488e-04
1.420240098857657217e-03
1.453789077570830221e-03
7.660350139507836505e-04
1.806053354059146757e-03
8.890479358990846992e-04
1.705406417919627746e-03
9.841033755864081727e-04
2.270147559591373376e-03
5.982901203849186333e-04
6.318390990980916368e-04
1.509704042092785371e-03
4.529112126278356004e-04
3.522642764883165902e-04
2.460258438966020432e-04
1.269269694648378702e-03
4.473197161756400637e-04
9.002309288034756642e-04
1.179805751413250765e-03
2.208641098617222798e-03
1.968206751172816345e-03
7.939924962117611172e-04
1.286044184004965204e-03
1.845193829224515459e-04
2.024121715694771496e-03
9.729203826820172077e-04
1.984981240529403064e-03
1.347550644979115782e-03
1.397874113048875287e-03
2.080036680216726212e-03
1.957023758268425380e-04
8.331329713771296573e-04
1.308410169813747350e-03
4.864601913410086039e-04
2.309288034756741808e-03
5.256006665063770898e-04
7.436690281420016120e-04
1.067975822369340681e-03
1.906700290198665767e-03
7.548520210463926855e-04
1.750138389537191823e-03
7.045285529766331803e-04
1.392282616596679859e-03
6.150646097415051351e-04
2.320471027661133098e-03
1.179805751413250765e-03
2.214232595069418226e-03
9.896948720386036010e-04
8.554989571859116957e-04
1.196580240769837267e-03
2.460258438966020432e-04
1.912291786650861412e-03
7.995839926639566539e-04
6.542050849068736752e-04
9.058224252556712009e-04
2.225415587973809516e-03
1.202171737222032695e-03
1.157439765604468618e-03
1.151848269152273190e-03
1.437014588214243719e-03
9.785118791342127444e-04
1.660674446302063886e-03
1.062384325917145253e-03
7.548520210463926855e-04
1.979389744077207202e-03
9.393714039688442043e-04
4.864601913410086039e-04
1.504112545640589726e-03
1.873151311485492763e-03
5.703326381239410582e-04
1.101524801082513685e-03
1.123890786891295615e-03
4.864601913410086039e-04
2.214232595069418226e-03
5.815156310283321316e-04
7.548520210463926855e-04
1.660674446302063886e-03
8.666819500903026607e-04
3.187152977751435867e-04
1.157439765604468618e-03
5.032346806975950514e-04
1.683040432110845816e-03
1.492929552736198869e-03
6.094731132893095983e-04
9.785118791342127444e-04
5.871071274805275599e-04
1.308410169813747350e-03
8.946394323512801275e-04
1.135073779795686688e-03
7.157115458810241453e-04
1.258086701743987845e-03
1.968206751172816345e-03
5.647411416717456299e-04
1.599167985327913308e-03
4.752771984366175846e-04
7.268945387854151103e-04
1.448197581118634792e-03
1.789278864702560255e-03
6.318390990980916368e-04
6.709795742634601769e-04
5.144176736019861248e-04
1.817236346963537830e-03
5.535581487673545565e-04
1.610350978232304381e-03
1.006469361395190103e-03
1.397874113048875287e-03
1.135073779795686688e-03
7.884009997595656889e-04
1.291635680457160849e-03
2.052079197955749071e-03
1.280452687552769775e-03
6.989370565244376436e-04
7.828095033073701522e-04
6.933455600722421069e-04
1.632716964041086311e-03
8.051754891161521906e-04
1.291635680457160849e-03
5.871071274805275599e-04
2.739833261575795641e-04
4.920516877932040864e-04
1.012060857847385748e-03
1.067975822369340681e-03
5.032346806975950514e-04
2.236598580878200454e-05
1.040018340108363106e-03
7.884009997595656889e-04
1.778095871798169398e-03
8.499074607337161590e-04
1.291635680457160849e-03
8.387244678293251940e-04
4.976431842453996231e-04
9.058224252556712009e-04
6.989370565244376436e-04
8.219499784727386923e-04
1.705406417919627746e-03
5.871071274805275599e-04
5.591496452195501135e-06
4.137707374624670603e-04
6.933455600722421069e-04
5.982901203849186333e-04
9.617373897776261343e-04
1.263678198196183274e-03
2.236598580878200319e-04
6.206561061937006718e-04
6.653880778112646402e-04
6.821625671678511419e-04
8.834564394468891625e-04
1.604759481780108736e-03
7.157115458810241453e-04
7.772180068551746155e-04
6.262476026458961001e-04
8.554989571859116957e-04
2.236598580878200319e-04
5.871071274805275599e-04
1.073567318821536110e-03
1.403465609501070716e-03
6.653880778112646402e-04
9.225969146122577026e-04
1.442606084666439364e-03
4.249537303668580795e-04
5.759241345761365949e-04
4.361367232712490987e-04
8.666819500903026607e-04
7.324860352376106470e-04
5.591496452195501135e-06
1.034426843656167678e-03
8.610904536381071240e-04
4.696857019844221021e-04
5.982901203849186333e-04
1.269269694648378702e-03
1.040018340108363106e-03
6.262476026458961001e-04
1.599167985327913308e-03
8.666819500903026607e-04
1.067975822369340681e-03
1.615942474684499809e-03
1.034426843656167678e-03
7.268945387854151103e-04
5.032346806975950514e-04
7.939924962117611172e-04
2.068853687312335302e-04
6.542050849068736752e-04
1.582393495971326806e-03
9.281884110644531309e-04
1.397874113048875233e-04
4.696857019844221021e-04
8.219499784727386923e-04
6.597965813590691035e-04
1.012060857847385748e-03
7.492605245941971488e-04
5.647411416717456299e-04
4.585027090800310829e-04
7.548520210463926855e-04
3.522642764883165902e-04
7.716265104029791872e-04
1.051201333012754180e-03
1.146256772700077762e-03
9.561458933254307060e-04
9.505543968732351693e-04
3.914047516536850625e-05
4.920516877932040864e-04
1.347550644979115782e-03
6.430220920024826018e-04
1.280452687552769775e-03
8.275414749249341206e-04
9.673288862298216710e-04
1.151848269152273190e-03
5.032346806975950514e-04
7.101200494288286086e-04
7.101200494288286086e-04
5.088261771497905881e-04
5.647411416717456299e-04
9.505543968732351693e-04
1.056792829464949608e-03
1.146256772700077762e-03
5.982901203849186333e-04
1.286044184004965204e-03
5.982901203849186333e-04
1.112707793986904758e-03
5.479666523151591282e-04
1.107116297534709113e-03
5.088261771497905881e-04
2.516173403487975257e-04
9.002309288034756642e-04
1.218946226578619197e-03
7.884009997595656889e-04
5.311921629585726265e-04
5.703326381239410582e-04
3.634472693927075552e-04
2.460258438966020432e-04
2.795748226097750398e-05
9.393714039688442043e-04
7.828095033073701522e-04
7.436690281420016120e-04
5.200091700541815531e-04
5.032346806975950514e-04
9.281884110644531309e-04
1.023243850751776604e-03
7.380775316898061838e-04
5.256006665063770898e-04
1.051201333012754180e-03
5.591496452195501135e-06
8.834564394468891625e-04
5.423751558629635915e-04
2.628003332531885449e-04
4.025877445580760953e-04
8.107669855683476189e-04
7.268945387854151103e-04
7.548520210463926855e-04
9.505543968732351693e-04
1.252495205291792200e-03
3.522642764883165902e-04
3.019408084185570850e-04
4.305452268190535620e-04
1.733363900180605267e-04
5.032346806975950514e-04
3.354897871317300885e-04
4.920516877932040864e-04
4.361367232712490987e-04
3.690387658449030919e-04
8.890479358990846992e-04
7.324860352376106470e-04
8.219499784727386923e-04
1.845193829224515459e-04
2.236598580878200319e-04
8.554989571859116957e-04
3.634472693927075552e-04
6.262476026458961001e-04
6.430220920024826018e-04
6.038816168371141701e-04
5.591496452195501135e-06
4.193622339146625970e-04
4.081792410102715778e-04
3.858132552014895936e-04
4.808686948888130672e-04
1.901108793746470284e-04
1.012060857847385748e-03
6.877540636200466786e-04
8.443159642815206223e-04
8.666819500903026607e-04
5.815156310283321316e-04
6.150646097415051351e-04
3.354897871317300885e-04
2.516173403487975257e-04
9.058224252556712009e-04
3.019408084185570850e-04
2.460258438966020432e-04
4.193622339146625970e-04
7.101200494288286086e-04
8.107669855683476189e-04
1.957023758268425380e-04
1.190988744317641838e-03
1.073567318821536110e-03
1.509704042092785425e-04
9.505543968732351693e-04
6.989370565244376436e-04
6.318390990980916368e-04
5.759241345761365949e-04
3.634472693927075552e-04
1.023243850751776604e-03
1.174214254961055255e-04
6.486135884546781385e-04
1.095933304630318256e-03
4.752771984366175846e-04
2.292513545400155415e-04
7.884009997595656889e-04
9.841033755864081727e-04
7.884009997595656889e-04
5.367836594107680548e-04
7.045285529766331803e-04
9.561458933254307060e-04
6.206561061937006718e-04
5.591496452195501135e-06
1.056792829464949608e-03
3.746302622970985744e-04
4.529112126278356004e-04
4.249537303668580795e-04
9.729203826820172077e-04
9.785118791342127444e-04
1.168622758508859692e-03
5.032346806975950514e-04
6.150646097415051351e-04
5.591496452195501135e-06
4.361367232712490987e-04
4.361367232712490987e-04
5.591496452195500932e-04
5.591496452195501135e-06
5.032346806975950514e-04
1.006469361395190238e-04
5.815156310283321316e-04
6.374305955502871735e-04
6.374305955502871735e-04
1.453789077570830329e-04
3.019408084185570850e-04
1.957023758268425380e-04
1.957023758268425380e-04
3.522642764883165902e-04
8.610904536381071240e-04
3.522642764883165902e-04
8.834564394468891625e-04
5.535581487673545565e-04
1.957023758268425380e-04
1.789278864702560363e-04
2.683918297053840274e-04
2.683918297053840274e-04
5.479666523151591282e-04
3.802217587492940569e-04
1.789278864702560363e-04
7.995839926639566539e-04
4.249537303668580795e-04
4.808686948888130672e-04
5.591496452195501135e-06
2.963493119663615483e-04
4.696857019844221021e-04
4.473197161756400637e-04
3.298982906795345517e-04
5.311921629585726265e-04
5.032346806975950514e-04
2.572088368009930624e-04
2.404343474444065336e-04
1.118299290439100159e-04
7.324860352376106470e-04
1.845193829224515459e-04
1.118299290439100227e-05
7.101200494288286086e-04
1.845193829224515459e-04
4.808686948888130672e-04
5.367836594107680548e-04
7.324860352376106470e-04
6.597965813590691035e-04
7.828095033073701522e-04
9.002309288034756642e-04
8.946394323512801275e-04
1.118299290439100159e-04
3.746302622970985744e-04
4.081792410102715778e-04
5.479666523151591282e-04
5.423751558629635915e-04
4.417282197234445812e-04
3.578557729405120727e-04
5.144176736019861248e-04
4.081792410102715778e-04
5.759241345761365949e-04
6.038816168371141701e-04
4.473197161756400637e-04
7.101200494288286086e-04
7.213030423332196820e-04
7.380775316898061838e-04
6.933455600722421069e-04
2.236598580878200319e-04
9.449629004210396326e-04
3.243067942273390692e-04
5.479666523151591282e-04
1.845193829224515459e-04
1.453789077570830329e-04
9.393714039688442043e-04
4.473197161756400908e-05
4.193622339146625970e-04
6.262476026458961001e-04
6.877540636200466786e-04
2.124768651834290398e-04
8.890479358990846992e-04
3.690387658449030919e-04
1.112707793986904758e-03
2.236598580878200454e-05
6.206561061937006718e-04
5.759241345761365949e-04
2.124768651834290398e-04
5.591496452195500932e-04
1.677448935658650442e-04
7.548520210463926855e-04
1.286044184004965312e-04
8.946394323512801275e-04
2.460258438966020432e-04
4.473197161756400637e-04
2.572088368009930624e-04
2.460258438966020432e-04
1.677448935658650442e-04
4.025877445580760953e-04
9.281884110644531309e-04
3.969962481058805586e-04
7.660350139507836505e-04
6.150646097415051080e-05
5.982901203849186333e-04
4.137707374624670603e-04
3.410812835839255710e-04
4.305452268190535620e-04
2.012938722790380477e-04
4.473197161756400637e-04
3.243067942273390692e-04
3.131238013229480500e-04
6.430220920024826018e-04
1.677448935658650442e-04
4.137707374624670603e-04
3.466727800361210535e-04
8.051754891161521906e-04
1.341959148526920137e-04
7.268945387854151103e-04
5.591496452195500932e-04
5.423751558629635915e-04
4.696857019844221021e-04
7.995839926639566539e-04
8.163584820205431556e-04
3.578557729405120727e-04
5.647411416717456299e-04
4.808686948888130672e-04
2.236598580878200319e-04
3.858132552014895936e-04
7.101200494288286086e-04
3.914047516536850761e-04
7.828095033073701251e-05
4.361367232712490987e-04
4.473197161756400908e-05
3.634472693927075552e-04
6.709795742634601769e-04
1.118299290439100227e-05
2.236598580878200454e-05
2.292513545400155415e-04
2.404343474444065336e-04
2.180683616356245494e-04
8.946394323512801817e-05
6.150646097415051351e-04
4.137707374624670603e-04
2.236598580878200454e-05
2.572088368009930624e-04
6.262476026458961001e-04
2.907578155141660658e-04
2.628003332531885449e-04
2.963493119663615483e-04
8.946394323512801817e-05
5.032346806975951191e-05
6.765710707156556052e-04
8.219499784727386923e-04
2.180683616356245494e-04
3.354897871317300342e-05
3.243067942273390692e-04
4.025877445580760953e-04
3.187152977751435867e-04
1.677448935658650171e-05
4.305452268190535620e-04
3.690387658449030919e-04
2.851663190619705291e-04
5.311921629585726265e-04
3.019408084185570850e-04
4.976431842453996231e-04
4.640942055322265654e-04
6.150646097415051351e-04
1.565619006614740250e-04
5.535581487673545565e-04
1.453789077570830329e-04
7.268945387854151645e-05
1.252495205291792200e-03
9.002309288034756642e-04
4.585027090800310829e-04
2.236598580878200454e-05
3.746302622970985744e-04
7.772180068551746155e-04
7.995839926639566539e-04
5.144176736019861248e-04
4.305452268190535620e-04
6.821625671678511419e-04
3.410812835839255710e-04
8.387244678293252211e-05
1.174214254961055255e-04
9.505543968732351422e-05
4.752771984366175846e-04
3.187152977751435867e-04
1.062384325917145199e-04
1.733363900180605267e-04
7.045285529766331803e-04
6.877540636200466786e-04
2.236598580878200319e-04
7.716265104029791872e-04
9.561458933254307060e-04
3.243067942273390692e-04
3.802217587492940569e-04
4.920516877932040864e-04
2.795748226097750466e-04
9.170054181600621659e-04
2.851663190619705291e-04
4.305452268190535620e-04
2.124768651834290398e-04
2.907578155141660658e-04
1.202171737222032695e-03
3.410812835839255710e-04
4.193622339146625970e-04
2.963493119663615483e-04
4.361367232712490987e-04
6.150646097415051351e-04
2.348428509922110511e-04
5.088261771497905881e-04
5.591496452195500797e-05
3.578557729405120727e-04
5.871071274805275599e-04
4.473197161756400908e-05
2.292513545400155415e-04
3.243067942273390692e-04
3.243067942273390692e-04
2.460258438966020432e-04
4.640942055322265654e-04
3.578557729405120727e-04
2.348428509922110511e-04
2.236598580878200319e-04
2.012938722790380477e-04
5.032346806975951191e-05
4.696857019844221021e-04
1.733363900180605267e-04
5.871071274805275599e-04
1.397874113048875233e-04
2.739833261575795641e-04
3.410812835839255710e-04
1.733363900180605267e-04
2.683918297053840274e-04
3.243067942273390692e-04
1.118299290439100227e-05
5.256006665063770898e-04
1.901108793746470284e-04
3.858132552014895936e-04
3.187152977751435867e-04
4.193622339146625970e-04
7.884009997595656889e-04
5.871071274805275599e-04
4.473197161756400908e-05
1.957023758268425380e-04
7.268945387854151645e-05
3.187152977751435867e-04
6.038816168371141701e-04
7.548520210463926855e-04
3.969962481058805586e-04
1.733363900180605267e-04
3.243067942273390692e-04
1.901108793746470284e-04
3.914047516536850761e-04
5.591496452195501135e-06
6.374305955502871735e-04
3.522642764883165902e-04
4.305452268190535620e-04
5.311921629585726265e-04
5.032346806975950514e-04
3.634472693927075552e-04
5.647411416717456299e-04
3.746302622970985744e-04
2.404343474444065336e-04
1.845193829224515459e-04
7.101200494288286086e-04
3.019408084185570850e-04
2.683918297053840274e-04
5.647411416717456299e-04
6.150646097415051080e-05
4.417282197234445812e-04
3.969962481058805586e-04
1.174214254961055255e-04
5.591496452195501135e-06
3.354897871317300885e-04
4.976431842453996231e-04
4.361367232712490987e-04
6.150646097415051080e-05
4.249537303668580795e-04
2.012938722790380477e-04
2.292513545400155415e-04
1.845193829224515459e-04
7.268945387854151645e-05
5.815156310283321316e-04
2.572088368009930624e-04
3.746302622970985744e-04
2.124768651834290398e-04
4.473197161756400637e-04
3.131238013229480500e-04
2.628003332531885449e-04
1.621533971136695346e-04
2.907578155141660658e-04
2.795748226097750398e-05
1.621533971136695346e-04
1.509704042092785425e-04
1.174214254961055255e-04
5.815156310283321316e-04
5.423751558629635915e-04
4.025877445580760953e-04
5.647411416717456299e-04
5.591496452195501135e-06
4.081792410102715778e-04
3.522642764883165902e-04
5.926986239327230966e-04
2.404343474444065336e-04
4.752771984366175846e-04
4.417282197234445812e-04
5.591496452195501135e-06
1.733363900180605267e-04
2.683918297053840274e-04
4.585027090800310829e-04
2.628003332531885449e-04
6.877540636200466786e-04
2.572088368009930624e-04
2.460258438966020432e-04
1.789278864702560363e-04
1.230129219483010216e-04
5.591496452195501135e-06
2.628003332531885449e-04
6.877540636200466786e-04
2.795748226097750398e-05
3.969962481058805586e-04
3.187152977751435867e-04
4.864601913410086039e-04
6.206561061937006718e-04
3.131238013229480500e-04
6.038816168371141701e-04
3.410812835839255710e-04
6.486135884546781385e-04
4.473197161756400908e-05
6.542050849068736752e-04
2.907578155141660658e-04
2.068853687312335302e-04
3.914047516536850761e-04
2.348428509922110511e-04
4.249537303668580795e-04
4.361367232712490987e-04
4.025877445580760953e-04
3.858132552014895936e-04
4.808686948888130672e-04
4.808686948888130672e-04
3.522642764883165902e-04
1.509704042092785425e-04
3.746302622970985744e-04
5.535581487673545565e-04
4.137707374624670603e-04
3.858132552014895936e-04
4.249537303668580795e-04
2.628003332531885449e-04
1.677448935658650442e-04
1.062384325917145199e-04
2.851663190619705291e-04
3.746302622970985744e-04
1.733363900180605267e-04
1.118299290439100227e-05
5.591496452195500797e-05
1.341959148526920137e-04
1.565619006614740250e-04
2.851663190619705291e-04
2.068853687312335302e-04
2.516173403487975257e-04
4.640942055322265654e-04
8.387244678293252211e-05
1.118299290439100159e-04
1.174214254961055255e-04
3.858132552014895936e-04
8.387244678293252211e-05
2.907578155141660658e-04
2.851663190619705291e-04
1.118299290439100227e-05
4.920516877932040864e-04
1.286044184004965312e-04
4.081792410102715778e-04
4.081792410102715778e-04
2.068853687312335302e-04
2.739833261575795641e-04
2.292513545400155415e-04
4.361367232712490987e-04
1.509704042092785425e-04
3.522642764883165902e-04
2.851663190619705291e-04
3.634472693927075552e-04
2.963493119663615483e-04
2.124768651834290398e-04
4.473197161756400908e-05
2.180683616356245494e-04
2.572088368009930624e-04
1.230129219483010216e-04
3.746302622970985744e-04
1.174214254961055255e-04
3.131238013229480500e-04
5.200091700541815531e-04
3.075323048707525675e-04
3.298982906795345517e-04
1.118299290439100159e-04
2.628003332531885449e-04
3.914047516536850761e-04
5.591496452195501135e-06
1.565619006614740250e-04
4.417282197234445812e-04
3.578557729405120727e-04
2.012938722790380477e-04
3.578557729405120727e-04
2.795748226097750398e-05
2.348428509922110511e-04
8.387244678293252211e-05
5.423751558629635915e-04
2.012938722790380477e-04
5.591496452195501135e-06
1.565619006614740250e-04
8.946394323512801817e-05
2.907578155141660658e-04
5.591496452195501135e-06
6.150646097415051080e-05
5.759241345761365949e-04
2.348428509922110511e-04
3.522642764883165902e-04
2.907578155141660658e-04
4.473197161756400637e-04
1.565619006614740250e-04
1.118299290439100159e-04
2.068853687312335302e-04
5.256006665063770898e-04
5.088261771497905881e-04
5.591496452195501135e-06
2.124768651834290398e-04
1.286044184004965312e-04
1.118299290439100227e-05
4.808686948888130672e-04
5.591496452195501135e-06
3.354897871317300342e-05
4.249537303668580795e-04
1.677448935658650171e-05
3.354897871317300342e-05
7.268945387854151645e-05
5.423751558629635915e-04
3.746302622970985744e-04
4.752771984366175846e-04
2.460258438966020432e-04
4.696857019844221021e-04
3.354897871317300342e-05
5.479666523151591282e-04
4.473197161756400908e-05
9.617373897776261343e-04
5.088261771497905881e-04
2.348428509922110511e-04
1.286044184004965312e-04
2.012938722790380477e-04
1.453789077570830329e-04
3.298982906795345517e-04
1.286044184004965312e-04
3.187152977751435867e-04
1.118299290439100227e-05
7.268945387854151645e-05
5.144176736019861248e-04
2.572088368009930624e-04
4.808686948888130672e-04
1.845193829224515459e-04
3.522642764883165902e-04
2.292513545400155415e-04
2.180683616356245494e-04
5.591496452195500797e-05
1.174214254961055255e-04
1.733363900180605267e-04
2.124768651834290398e-04
2.236598580878200319e-04
3.075323048707525675e-04
1.230129219483010216e-04
5.591496452195501135e-06
5.703326381239410582e-04
5.032346806975951191e-05
1.845193829224515459e-04
1.006469361395190238e-04
3.690387658449030919e-04
3.969962481058805586e-04
1.789278864702560363e-04
6.150646097415051080e-05
3.690387658449030919e-04
3.243067942273390692e-04
2.683918297053840274e-04
2.628003332531885449e-04
1.789278864702560363e-04
8.387244678293252211e-05
1.957023758268425380e-04
5.032346806975951191e-05
5.591496452195501135e-06
3.075323048707525675e-04
2.460258438966020432e-04
5.982901203849186333e-04
1.677448935658650442e-04
1.341959148526920137e-04
3.354897871317300885e-04
6.206561061937006718e-04
3.187152977751435867e-04
5.479666523151591282e-04
4.864601913410086039e-04
2.180683616356245494e-04
1.509704042092785425e-04
2.572088368009930624e-04
2.963493119663615483e-04
6.094731132893095983e-04
1.733363900180605267e-04
5.871071274805275599e-04
1.901108793746470284e-04
2.516173403487975257e-04
4.920516877932040864e-04
1.286044184004965312e-04
6.262476026458961001e-04
3.746302622970985744e-04
3.298982906795345517e-04
5.591496452195500797e-05
1.957023758268425380e-04
1.118299290439100227e-05
2.404343474444065336e-04
3.858132552014895936e-04
1.397874113048875233e-04
2.851663190619705291e-04
5.591496452195501135e-06
2.851663190619705291e-04
2.963493119663615483e-04
2.236598580878200454e-05
2.739833261575795641e-04
1.062384325917145199e-04
1.062384325917145199e-04
3.354897871317300342e-05
2.683918297053840274e-04
2.348428509922110511e-04
2.124768651834290398e-04
3.019408084185570850e-04
1.509704042092785425e-04
1.845193829224515459e-04
1.118299290439100227e-05
6.150646097415051080e-05
3.131238013229480500e-04
5.367836594107680548e-04
5.591496452195501135e-06
8.387244678293252211e-05
1.901108793746470284e-04
2.012938722790380477e-04
4.193622339146625970e-04
5.591496452195501135e-06
2.628003332531885449e-04
8.387244678293252211e-05
2.460258438966020432e-04
4.025877445580760953e-04
5.144176736019861248e-04
3.522642764883165902e-04
2.851663190619705291e-04
4.529112126278356004e-04
5.591496452195501135e-06
5.367836594107680548e-04
1.174214254961055255e-04
5.591496452195501135e-06
7.828095033073701251e-05
3.466727800361210535e-04
2.795748226097750466e-04
2.068853687312335302e-04
2.516173403487975257e-04
5.311921629585726265e-04
3.914047516536850761e-04
3.298982906795345517e-04
3.522642764883165902e-04
1.677448935658650442e-04
1.565619006614740250e-04
1.733363900180605267e-04
7.268945387854151645e-05
1.845193829224515459e-04
9.505543968732351422e-05
1.286044184004965312e-04
5.311921629585726265e-04
1.118299290439100227e-05
2.907578155141660658e-04
2.795748226097750398e-05
4.473197161756400908e-05
2.236598580878200319e-04
1.789278864702560363e-04
1.845193829224515459e-04
3.578557729405120727e-04
2.795748226097750466e-04
1.901108793746470284e-04
2.739833261575795641e-04
5.591496452195500797e-05
2.851663190619705291e-04
1.677448935658650442e-04
1.286044184004965312e-04
2.236598580878200319e-04
1.006469361395190238e-04
2.795748226097750466e-04
1.677448935658650442e-04
1.677448935658650171e-05
2.460258438966020432e-04
3.914047516536850625e-05
4.361367232712490987e-04
2.404343474444065336e-04
5.479666523151591282e-04
2.907578155141660658e-04
2.963493119663615483e-04
4.305452268190535620e-04
1.118299290439100227e-05
2.236598580878200454e-05
3.243067942273390692e-04
3.019408084185570850e-04
2.683918297053840274e-04
2.460258438966020432e-04
2.404343474444065336e-04
2.739833261575795641e-04
3.914047516536850761e-04
2.404343474444065336e-04
2.683918297053840274e-04
2.068853687312335302e-04
5.591496452195501135e-06
4.864601913410086039e-04
4.473197161756400908e-05
1.957023758268425380e-04
1.621533971136695346e-04
4.920516877932040864e-04
1.565619006614740250e-04
6.150646097415051080e-05
1.957023758268425380e-04
1.901108793746470284e-04
1.230129219483010216e-04
1.901108793746470284e-04
3.243067942273390692e-04
3.354897871317300885e-04
1.453789077570830329e-04
1.845193829224515459e-04
1.118299290439100159e-04
2.907578155141660658e-04
6.709795742634600685e-05
3.858132552014895936e-04
1.509704042092785425e-04
4.976431842453996231e-04
2.068853687312335302e-04
2.012938722790380477e-04
6.150646097415051080e-05
1.901108793746470284e-04
3.858132552014895936e-04
2.795748226097750398e-05
3.969962481058805586e-04
3.690387658449030919e-04
1.957023758268425380e-04
3.746302622970985744e-04
2.795748226097750398e-05
3.354897871317300885e-04
5.591496452195501135e-06
3.410812835839255710e-04
6.821625671678511419e-04
4.976431842453996231e-04
2.963493119663615483e-04
2.348428509922110511e-04
1.789278864702560363e-04
3.410812835839255710e-04
5.591496452195500797e-05
1.062384325917145199e-04
1.118299290439100227e-05
4.808686948888130672e-04
1.509704042092785425e-04
2.292513545400155415e-04
1.230129219483010216e-04
1.341959148526920137e-04
1.901108793746470284e-04
1.174214254961055255e-04
1.845193829224515459e-04
3.969962481058805586e-04
1.453789077570830329e-04
1.453789077570830329e-04
1.789278864702560363e-04
3.522642764883165902e-04
1.118299290439100227e-05
3.578557729405120727e-04
2.739833261575795641e-04
1.286044184004965312e-04
4.193622339146625970e-04
9.505543968732351422e-05
1.453789077570830329e-04
1.286044184004965312e-04
4.193622339146625970e-04
2.907578155141660658e-04
2.404343474444065336e-04
5.591496452195501135e-06
7.268945387854151645e-05
1.453789077570830329e-04
1.565619006614740250e-04
1.565619006614740250e-04
2.012938722790380477e-04
1.453789077570830329e-04
1.118299290439100227e-05
3.522642764883165902e-04
5.591496452195501135e-06
7.828095033073701251e-05
5.591496452195501135e-06
1.062384325917145199e-04
2.628003332531885449e-04
1.621533971136695346e-04
2.460258438966020432e-04
1.397874113048875233e-04
4.976431842453996231e-04
1.565619006614740250e-04
3.746302622970985744e-04
2.851663190619705291e-04
2.907578155141660658e-04
1.174214254961055255e-04
3.914047516536850625e-05
1.397874113048875233e-04
2.795748226097750398e-05
1.733363900180605267e-04
2.068853687312335302e-04
6.150646097415051080e-05
1.957023758268425380e-04
6.709795742634600685e-05
3.466727800361210535e-04
6.709795742634600685e-05
2.460258438966020432e-04
1.733363900180605267e-04
4.640942055322265654e-04
1.006469361395190238e-04
2.068853687312335302e-04
1.006469361395190238e-04
2.236598580878200454e-05
1.677448935658650442e-04
3.914047516536850625e-05
2.348428509922110511e-04
3.466727800361210535e-04
2.236598580878200454e-05
1.733363900180605267e-04
4.361367232712490987e-04
3.914047516536850625e-05
2.628003332531885449e-04
2.124768651834290398e-04
5.591496452195501135e-06
9.505543968732351422e-05
5.591496452195501135e-06
3.131238013229480500e-04
2.236598580878200319e-04
5.032346806975951191e-05
2.236598580878200454e-05
2.124768651834290398e-04
3.410812835839255710e-04
3.354897871317300342e-05
1.509704042092785425e-04
2.068853687312335302e-04
3.914047516536850625e-05
5.591496452195501135e-06
1.901108793746470284e-04
5.591496452195501135e-06
2.404343474444065336e-04
3.187152977751435867e-04
2.236598580878200454e-05
9.505543968732351422e-05
3.634472693927075552e-04
1.118299290439100159e-04
2.180683616356245494e-04
2.012938722790380477e-04
6.150646097415051080e-05
2.236598580878200319e-04
2.068853687312335302e-04
8.387244678293252211e-05
2.404343474444065336e-04
3.914047516536850625e-05
1.118299290439100159e-04
4.920516877932040864e-04
5.144176736019861248e-04
1.677448935658650171e-05
1.733363900180605267e-04
6.709795742634600685e-05
1.509704042092785425e-04
2.404343474444065336e-04
1.733363900180605267e-04
6.150646097415051080e-05
1.453789077570830329e-04
1.118299290439100159e-04
5.591496452195501135e-06
5.591496452195500797e-05
4.081792410102715778e-04
3.187152977751435867e-04
1.901108793746470284e-04
1.565619006614740250e-04
1.062384325917145199e-04
2.180683616356245494e-04
3.298982906795345517e-04
5.591496452195500797e-05
8.387244678293252211e-05
1.118299290439100159e-04
4.473197161756400637e-04
2.348428509922110511e-04
1.509704042092785425e-04
4.249537303668580795e-04
1.397874113048875233e-04
1.789278864702560363e-04
1.230129219483010216e-04
3.298982906795345517e-04
1.621533971136695346e-04
1.453789077570830329e-04
4.473197161756400908e-05
2.348428509922110511e-04
1.174214254961055255e-04
7.828095033073701251e-05
1.621533971136695346e-04
1.509704042092785425e-04
2.124768651834290398e-04
4.473197161756400637e-04
1.174214254961055255e-04
8.387244678293252211e-05
2.068853687312335302e-04
2.795748226097750466e-04
1.677448935658650171e-05
1.174214254961055255e-04
1.733363900180605267e-04
8.387244678293252211e-05
2.012938722790380477e-04
1.174214254961055255e-04
5.591496452195501135e-06
5.591496452195501135e-06
1.845193829224515459e-04
4.361367232712490987e-04
3.298982906795345517e-04
1.174214254961055255e-04
2.348428509922110511e-04
1.677448935658650442e-04
6.150646097415051080e-05
6.709795742634600685e-05
9.505543968732351422e-05
1.453789077570830329e-04
3.522642764883165902e-04
7.268945387854151645e-05
8.387244678293252211e-05
5.591496452195500797e-05
1.509704042092785425e-04
2.795748226097750398e-05
3.354897871317300342e-05
5.591496452195501135e-06
6.709795742634600685e-05
8.387244678293252211e-05
1.174214254961055255e-04
1.733363900180605267e-04
1.230129219483010216e-04
1.509704042092785425e-04
3.802217587492940569e-04
4.025877445580760953e-04
2.124768651834290398e-04
4.473197161756400908e-05
2.795748226097750466e-04
1.341959148526920137e-04
2.460258438966020432e-04
7.268945387854151645e-05
1.118299290439100159e-04
1.453789077570830329e-04
2.683918297053840274e-04
3.075323048707525675e-04
1.230129219483010216e-04
1.957023758268425380e-04
2.124768651834290398e-04
5.591496452195501135e-06
3.914047516536850761e-04
4.249537303668580795e-04
2.795748226097750398e-05
5.591496452195501135e-06
2.348428509922110511e-04
7.268945387854151645e-05
1.118299290439100159e-04
2.012938722790380477e-04
1.230129219483010216e-04
1.789278864702560363e-04
3.131238013229480500e-04
1.565619006614740250e-04
1.118299290439100227e-05
2.180683616356245494e-04
3.019408084185570850e-04
1.509704042092785425e-04
8.387244678293252211e-05
2.851663190619705291e-04
8.946394323512801817e-05
8.946394323512801817e-05
1.845193829224515459e-04
8.387244678293252211e-05
1.565619006614740250e-04
5.591496452195501135e-06
2.068853687312335302e-04
8.946394323512801817e-05
2.068853687312335302e-04
4.473197161756400908e-05
2.907578155141660658e-04
6.709795742634600685e-05
1.174214254961055255e-04
4.473197161756400908e-05
2.739833261575795641e-04
5.591496452195501135e-06
1.789278864702560363e-04
6.709795742634600685e-05
2.348428509922110511e-04
9.505543968732351422e-05
1.230129219483010216e-04
1.453789077570830329e-04
2.851663190619705291e-04
9.505543968732351422e-05
1.677448935658650442e-04
7.268945387854151645e-05
8.387244678293252211e-05
5.032346806975951191e-05
1.230129219483010216e-04
5.591496452195500797e-05
1.789278864702560363e-04
2.348428509922110511e-04
1.677448935658650171e-05
1.006469361395190238e-04
1.621533971136695346e-04
6.150646097415051080e-05
1.118299290439100227e-05
5.591496452195500797e-05
1.789278864702560363e-04
5.591496452195501135e-06
1.789278864702560363e-04
1.341959148526920137e-04
3.243067942273390692e-04
2.236598580878200454e-05
1.062384325917145199e-04
3.410812835839255710e-04
6.150646097415051080e-05
1.733363900180605267e-04
6.150646097415051080e-05
2.068853687312335302e-04
3.075323048707525675e-04
1.230129219483010216e-04
1.621533971136695346e-04
2.516173403487975257e-04
2.236598580878200319e-04
1.118299290439100227e-05
1.286044184004965312e-04
5.591496452195501135e-06
1.118299290439100159e-04
1.957023758268425380e-04
1.677448935658650171e-05
1.118299290439100227e-05
1.118299290439100159e-04
2.683918297053840274e-04
2.739833261575795641e-04
9.505543968732351422e-05
1.789278864702560363e-04
5.591496452195501135e-06
5.032346806975951191e-05
6.709795742634600685e-05
5.591496452195501135e-06
1.733363900180605267e-04
1.006469361395190238e-04
1.677448935658650442e-04
1.677448935658650171e-05
2.516173403487975257e-04
4.417282197234445812e-04
2.348428509922110511e-04
1.341959148526920137e-04
2.795748226097750466e-04
1.006469361395190238e-04
2.683918297053840274e-04
1.397874113048875233e-04
2.851663190619705291e-04
1.453789077570830329e-04
2.516173403487975257e-04
3.914047516536850625e-05
1.286044184004965312e-04
1.286044184004965312e-04
2.292513545400155415e-04
6.709795742634600685e-05
2.516173403487975257e-04
1.677448935658650171e-05
3.354897871317300342e-05
2.795748226097750398e-05
2.628003332531885449e-04
1.789278864702560363e-04
4.473197161756400908e-05
2.739833261575795641e-04
2.739833261575795641e-04
2.739833261575795641e-04
1.565619006614740250e-04
3.578557729405120727e-04
4.473197161756400908e-05
1.453789077570830329e-04
4.473197161756400908e-05
1.062384325917145199e-04
3.131238013229480500e-04
1.118299290439100159e-04
7.268945387854151645e-05
7.268945387854151645e-05
3.131238013229480500e-04
2.628003332531885449e-04
2.851663190619705291e-04
1.118299290439100159e-04
5.591496452195501135e-06
2.068853687312335302e-04
5.591496452195501135e-06
1.341959148526920137e-04
1.118299290439100227e-05
1.006469361395190238e-04
5.591496452195501135e-06
3.914047516536850625e-05
2.236598580878200319e-04
1.341959148526920137e-04
3.354897871317300342e-05
1.006469361395190238e-04
1.621533971136695346e-04
6.709795742634600685e-05
3.354897871317300342e-05
2.236598580878200454e-05
3.298982906795345517e-04
1.174214254961055255e-04
1.845193829224515459e-04
1.565619006614740250e-04
4.473197161756400908e-05
2.683918297053840274e-04
5.591496452195500797e-05
1.677448935658650171e-05
1.845193829224515459e-04
2.012938722790380477e-04
2.795748226097750398e-05
4.473197161756400908e-05
2.795748226097750398e-05
1.118299290439100159e-04
9.505543968732351422e-05
4.976431842453996231e-04
6.709795742634600685e-05
3.354897871317300342e-05
2.348428509922110511e-04
8.387244678293252211e-05
2.795748226097750398e-05
1.118299290439100227e-05
1.509704042092785425e-04
7.828095033073701251e-05
1.453789077570830329e-04
6.150646097415051080e-05
2.236598580878200454e-05
3.914047516536850625e-05
2.068853687312335302e-04
5.032346806975951191e-05
1.062384325917145199e-04
4.473197161756400908e-05
1.677448935658650171e-05
5.591496452195501135e-06
1.286044184004965312e-04
1.341959148526920137e-04
8.387244678293252211e-05
2.851663190619705291e-04
3.466727800361210535e-04
5.591496452195501135e-06
2.795748226097750466e-04
1.286044184004965312e-04
3.354897871317300342e-05
8.946394323512801817e-05
8.387244678293252211e-05
5.591496452195501135e-06
1.845193829224515459e-04
1.565619006614740250e-04
5.591496452195501135e-06
1.789278864702560363e-04
7.268945387854151645e-05
3.914047516536850625e-05
8.387244678293252211e-05
9.505543968732351422e-05
1.957023758268425380e-04
6.709795742634600685e-05
2.628003332531885449e-04
1.733363900180605267e-04
5.591496452195501135e-06
3.298982906795345517e-04
1.006469361395190238e-04
4.473197161756400908e-05
2.236598580878200454e-05
1.677448935658650171e-05
2.628003332531885449e-04
4.473197161756400908e-05
2.404343474444065336e-04
2.683918297053840274e-04
1.397874113048875233e-04
1.062384325917145199e-04
2.180683616356245494e-04
5.591496452195501135e-06
3.243067942273390692e-04
1.453789077570830329e-04
1.341959148526920137e-04
6.709795742634600685e-05
3.914047516536850625e-05
5.591496452195501135e-06
1.509704042092785425e-04
2.851663190619705291e-04
3.354897871317300885e-04
6.150646097415051080e-05
1.397874113048875233e-04
8.946394323512801817e-05
1.286044184004965312e-04
1.677448935658650442e-04
6.150646097415051080e-05
1.062384325917145199e-04
1.845193829224515459e-04
3.354897871317300342e-05
2.460258438966020432e-04
1.621533971136695346e-04
8.387244678293252211e-05
4.473197161756400908e-05
2.236598580878200454e-05
5.591496452195501135e-06
2.124768651834290398e-04
7.268945387854151645e-05
5.591496452195501135e-06
5.591496452195500797e-05
5.591496452195500797e-05
8.946394323512801817e-05
5.591496452195501135e-06
5.591496452195501135e-06
2.907578155141660658e-04
6.709795742634600685e-05
2.012938722790380477e-04
5.032346806975951191e-05
1.677448935658650442e-04
4.473197161756400908e-05
5.591496452195500797e-05
2.404343474444065336e-04
1.677448935658650171e-05
9.505543968732351422e-05
2.460258438966020432e-04
1.118299290439100227e-05
1.397874113048875233e-04
1.621533971136695346e-04
7.268945387854151645e-05
2.795748226097750466e-04
1.677448935658650171e-05
3.914047516536850625e-05
1.901108793746470284e-04
1.118299290439100227e-05
3.354897871317300342e-05
2.180683616356245494e-04
2.628003332531885449e-04
1.565619006614740250e-04
2.236598580878200454e-05
1.621533971136695346e-04
3.354897871317300342e-05
4.473197161756400908e-05
2.236598580878200319e-04
1.230129219483010216e-04
5.032346806975951191e-05
5.032346806975951191e-05
7.828095033073701251e-05
2.572088368009930624e-04
7.828095033073701251e-05
1.901108793746470284e-04
8.946394323512801817e-05
1.118299290439100159e-04
1.621533971136695346e-04
4.473197161756400908e-05
5.591496452195500797e-05
1.062384325917145199e-04
8.946394323512801817e-05
5.032346806975951191e-05
1.174214254961055255e-04
2.236598580878200454e-05
1.062384325917145199e-04
2.460258438966020432e-04
5.591496452195501135e-06
7.268945387854151645e-05
2.180683616356245494e-04
1.006469361395190238e-04
1.006469361395190238e-04
2.404343474444065336e-04
5.591496452195500797e-05
1.006469361395190238e-04
6.709795742634600685e-05
2.236598580878200454e-05
8.387244678293252211e-05
2.851663190619705291e-04
2.068853687312335302e-04
1.174214254961055255e-04
2.795748226097750398e-05
1.397874113048875233e-04
2.795748226097750398e-05
2.124768651834290398e-04
5.591496452195501135e-06
8.387244678293252211e-05
3.354897871317300342e-05
4.473197161756400908e-05
1.901108793746470284e-04
3.298982906795345517e-04
2.068853687312335302e-04
1.174214254961055255e-04
1.957023758268425380e-04
2.795748226097750398e-05
6.150646097415051080e-05
2.795748226097750466e-04
1.341959148526920137e-04
1.453789077570830329e-04
2.292513545400155415e-04
7.828095033073701251e-05
3.075323048707525675e-04
4.081792410102715778e-04
2.236598580878200454e-05
1.565619006614740250e-04
1.118299290439100227e-05
5.591496452195501135e-06
8.946394323512801817e-05
5.591496452195501135e-06
1.677448935658650171e-05
1.118299290439100227e-05
1.677448935658650171e-05
5.591496452195500797e-05
8.946394323512801817e-05
2.795748226097750398e-05
7.828095033073701251e-05
6.709795742634600685e-05
6.709795742634600685e-05
1.845193829224515459e-04
1.453789077570830329e-04
1.509704042092785425e-04
1.733363900180605267e-04
2.628003332531885449e-04
2.236598580878200319e-04
1.677448935658650442e-04
2.460258438966020432e-04
1.789278864702560363e-04
1.677448935658650171e-05
4.473197161756400908e-05
6.709795742634600685e-05
1.118299290439100227e-05
1.006469361395190238e-04
1.677448935658650442e-04
2.012938722790380477e-04
1.453789077570830329e-04
1.677448935658650171e-05
1.397874113048875233e-04
1.453789077570830329e-04
1.118299290439100227e-05
3.914047516536850625e-05
1.286044184004965312e-04
1.230129219483010216e-04
1.174214254961055255e-04
2.236598580878200454e-05
2.292513545400155415e-04
9.505543968732351422e-05
1.174214254961055255e-04
1.397874113048875233e-04
3.075323048707525675e-04
1.118299290439100227e-05
7.268945387854151645e-05
5.591496452195501135e-06
1.677448935658650171e-05
1.118299290439100227e-05
7.268945387854151645e-05
7.268945387854151645e-05
1.230129219483010216e-04
1.062384325917145199e-04
5.032346806975951191e-05
3.187152977751435867e-04
5.591496452195500797e-05
1.565619006614740250e-04
7.268945387854151645e-05
1.621533971136695346e-04
3.914047516536850625e-05
1.677448935658650171e-05
5.032346806975951191e-05
3.298982906795345517e-04
8.387244678293252211e-05
2.236598580878200454e-05
1.006469361395190238e-04
1.957023758268425380e-04
2.795748226097750398e-05
1.509704042092785425e-04
1.006469361395190238e-04
6.150646097415051080e-05
6.709795742634600685e-05
1.453789077570830329e-04
2.460258438966020432e-04
1.845193829224515459e-04
2.739833261575795641e-04
2.292513545400155415e-04
1.453789077570830329e-04
8.387244678293252211e-05
1.118299290439100227e-05
3.354897871317300342e-05
1.677448935658650171e-05
1.789278864702560363e-04
1.677448935658650171e-05
2.516173403487975257e-04
3.634472693927075552e-04
2.516173403487975257e-04
3.131238013229480500e-04
5.591496452195501135e-06
7.828095033073701251e-05
6.709795742634600685e-05
1.789278864702560363e-04
2.516173403487975257e-04
3.354897871317300342e-05
2.795748226097750398e-05
1.453789077570830329e-04
5.032346806975951191e-05
1.677448935658650171e-05
8.946394323512801817e-05
3.354897871317300342e-05
3.075323048707525675e-04
3.019408084185570850e-04
5.591496452195501135e-06
1.621533971136695346e-04
2.907578155141660658e-04
1.397874113048875233e-04
2.236598580878200319e-04
5.591496452195501135e-06
2.572088368009930624e-04
1.230129219483010216e-04
9.505543968732351422e-05
2.236598580878200454e-05
1.621533971136695346e-04
5.591496452195501135e-06
7.268945387854151645e-05
6.150646097415051080e-05
6.150646097415051080e-05
1.230129219483010216e-04
2.180683616356245494e-04
4.473197161756400908e-05
1.677448935658650442e-04
2.012938722790380477e-04
8.387244678293252211e-05
5.032346806975951191e-05
6.709795742634600685e-05
1.789278864702560363e-04
5.591496452195501135e-06
1.062384325917145199e-04
1.453789077570830329e-04
1.118299290439100159e-04
6.709795742634600685e-05
8.387244678293252211e-05
2.795748226097750398e-05
2.851663190619705291e-04
3.466727800361210535e-04
1.397874113048875233e-04
6.709795742634600685e-05
1.901108793746470284e-04
1.230129219483010216e-04
3.914047516536850625e-05
1.677448935658650171e-05
4.473197161756400908e-05
2.068853687312335302e-04
2.236598580878200454e-05
3.354897871317300342e-05
1.286044184004965312e-04
1.006469361395190238e-04
3.914047516536850625e-05
2.404343474444065336e-04
2.963493119663615483e-04
3.075323048707525675e-04
2.795748226097750398e-05
2.516173403487975257e-04
5.591496452195501135e-06
3.354897871317300342e-05
1.230129219483010216e-04
1.509704042092785425e-04
1.286044184004965312e-04
1.118299290439100227e-05
4.473197161756400908e-05
5.591496452195501135e-06
2.236598580878200319e-04
1.565619006614740250e-04
1.453789077570830329e-04
5.591496452195501135e-06
1.118299290439100159e-04
4.473197161756400908e-05
5.591496452195500797e-05
7.268945387854151645e-05
1.118299290439100227e-05
6.709795742634600685e-05
2.795748226097750398e-05
6.150646097415051080e-05
2.236598580878200319e-04
9.505543968732351422e-05
1.006469361395190238e-04
1.118299290439100159e-04
6.709795742634600685e-05
1.789278864702560363e-04
1.901108793746470284e-04
5.591496452195501135e-06
6.150646097415051080e-05
4.473197161756400908e-05
1.118299290439100227e-05
5.591496452195500797e-05
5.591496452195501135e-06
1.565619006614740250e-04
3.914047516536850625e-05
5.591496452195501135e-06
7.268945387854151645e-05
1.565619006614740250e-04
5.591496452195501135e-06
9.505543968732351422e-05
2.012938722790380477e-04
1.957023758268425380e-04
5.591496452195500797e-05
5.591496452195500797e-05
1.174214254961055255e-04
4.473197161756400908e-05
1.174214254961055255e-04
2.068853687312335302e-04
5.591496452195501135e-06
1.397874113048875233e-04
7.268945387854151645e-05
2.795748226097750398e-05
5.591496452195501135e-06
1.789278864702560363e-04
6.150646097415051080e-05
2.124768651834290398e-04
6.150646097415051080e-05
1.957023758268425380e-04
1.118299290439100159e-04
5.591496452195501135e-06
1.397874113048875233e-04
2.236598580878200454e-05
8.946394323512801817e-05
8.387244678293252211e-05
1.677448935658650442e-04
1.453789077570830329e-04
5.591496452195501135e-06
1.286044184004965312e-04
5.591496452195500797e-05
7.268945387854151645e-05
2.068853687312335302e-04
2.851663190619705291e-04
1.453789077570830329e-04
3.914047516536850625e-05
2.795748226097750398e-05
1.341959148526920137e-04
5.591496452195501135e-06
7.828095033073701251e-05
5.591496452195501135e-06
5.591496452195501135e-06
1.118299290439100159e-04
1.230129219483010216e-04
1.509704042092785425e-04
2.404343474444065336e-04
9.505543968732351422e-05
1.286044184004965312e-04
5.591496452195501135e-06
7.828095033073701251e-05
9.505543968732351422e-05
1.118299290439100227e-05
4.473197161756400908e-05
1.118299290439100227e-05
1.006469361395190238e-04
2.795748226097750466e-04
1.230129219483010216e-04
1.621533971136695346e-04
5.032346806975951191e-05
5.591496452195501135e-06
1.789278864702560363e-04
8.387244678293252211e-05
5.032346806975951191e-05
3.354897871317300342e-05
7.828095033073701251e-05
1.286044184004965312e-04
1.677448935658650171e-05
1.845193829224515459e-04
1.677448935658650171e-05
3.354897871317300342e-05
2.292513545400155415e-04
1.174214254961055255e-04
2.236598580878200454e-05
5.591496452195501135e-06
5.591496452195501135e-06
5.032346806975951191e-05
7.268945387854151645e-05
2.739833261575795641e-04
1.174214254961055255e-04
5.591496452195501135e-06
1.174214254961055255e-04
1.286044184004965312e-04
6.709795742634600685e-05
5.591496452195501135e-06
2.124768651834290398e-04
1.789278864702560363e-04
1.621533971136695346e-04
3.354897871317300342e-05
5.032346806975951191e-05
5.591496452195501135e-06
2.236598580878200454e-05
8.946394323512801817e-05
5.591496452195500797e-05
8.387244678293252211e-05
5.591496452195501135e-06
1.118299290439100227e-05
1.174214254961055255e-04
1.230129219483010216e-04
3.354897871317300342e-05
2.683918297053840274e-04
2.348428509922110511e-04
5.591496452195501135e-06
1.677448935658650442e-04
8.387244678293252211e-05
3.914047516536850625e-05
1.174214254961055255e-04
2.236598580878200454e-05
1.118299290439100227e-05
1.006469361395190238e-04
4.473197161756400908e-05
8.946394323512801817e-05
1.118299290439100159e-04
8.387244678293252211e-05
2.572088368009930624e-04
1.286044184004965312e-04
4.473197161756400908e-05
1.286044184004965312e-04
5.591496452195501135e-06
1.565619006614740250e-04
1.006469361395190238e-04
1.230129219483010216e-04
7.268945387854151645e-05
2.795748226097750466e-04
5.591496452195500797e-05
1.286044184004965312e-04
1.118299290439100227e-05
1.677448935658650442e-04
1.957023758268425380e-04
6.150646097415051080e-05
9.505543968732351422e-05
2.795748226097750398e-05
1.341959148526920137e-04
5.591496452195500797e-05
1.677448935658650171e-05
1.453789077570830329e-04
3.354897871317300342e-05
2.236598580878200454e-05
5.591496452195501135e-06
6.709795742634600685e-05
1.733363900180605267e-04
1.118299290439100227e-05
6.709795742634600685e-05
5.591496452195501135e-06
1.509704042092785425e-04
1.677448935658650171e-05
7.828095033073701251e-05
2.236598580878200454e-05
1.565619006614740250e-04
4.473197161756400908e-05
2.236598580878200319e-04
1.174214254961055255e-04
3.354897871317300342e-05
6.150646097415051080e-05
1.677448935658650171e-05
4.473197161756400908e-05
1.957023758268425380e-04
1.677448935658650171e-05
7.268945387854151645e-05
5.591496452195501135e-06
9.505543968732351422e-05
1.397874113048875233e-04
1.230129219483010216e-04
4.473197161756400908e-05
1.509704042092785425e-04
1.397874113048875233e-04
5.591496452195501135e-06
1.733363900180605267e-04
7.268945387854151645e-05
1.286044184004965312e-04
9.505543968732351422e-05
5.032346806975951191e-05
6.709795742634600685e-05
3.354897871317300342e-05
1.677448935658650171e-05
5.591496452195501135e-06
9.505543968732351422e-05
6.709795742634600685e-05
1.677448935658650442e-04
2.236598580878200319e-04
1.453789077570830329e-04
1.677448935658650171e-05
2.012938722790380477e-04
2.795748226097750398e-05
7.828095033073701251e-05
1.174214254961055255e-04
1.174214254961055255e-04
1.453789077570830329e-04
3.914047516536850625e-05
1.453789077570830329e-04
2.180683616356245494e-04
1.006469361395190238e-04
1.621533971136695346e-04
1.677448935658650171e-05
1.174214254961055255e-04
1.677448935658650171e-05
1.118299290439100227e-05
8.387244678293252211e-05
4.473197161756400908e-05
1.174214254961055255e-04
1.230129219483010216e-04
1.006469361395190238e-04
6.709795742634600685e-05
3.354897871317300342e-05
5.591496452195501135e-06
2.236598580878200454e-05
5.591496452195501135e-06
6.150646097415051080e-05
8.946394323512801817e-05
2.236598580878200454e-05
6.709795742634600685e-05
3.914047516536850625e-05
1.174214254961055255e-04
7.268945387854151645e-05
1.341959148526920137e-04
3.354897871317300342e-05
2.236598580878200454e-05
6.150646097415051080e-05
6.150646097415051080e-05
1.789278864702560363e-04
5.591496452195501135e-06
1.118299290439100159e-04
3.914047516536850625e-05
3.354897871317300342e-05
6.709795742634600685e-05
1.677448935658650171e-05
2.236598580878200319e-04
6.709795742634600685e-05
8.387244678293252211e-05
9.505543968732351422e-05
2.236598580878200454e-05
5.591496452195500797e-05
1.118299290439100227e-05
8.946394323512801817e-05
6.709795742634600685e-05
1.789278864702560363e-04
5.591496452195501135e-06
2.348428509922110511e-04
3.914047516536850625e-05
9.505543968732351422e-05
3.354897871317300342e-05
1.062384325917145199e-04
5.591496452195501135e-06
1.341959148526920137e-04
2.236598580878200454e-05
5.032346806975951191e-05
1.677448935658650171e-05
7.268945387854151645e-05
1.062384325917145199e-04
2.068853687312335302e-04
1.901108793746470284e-04
2.292513545400155415e-04
1.286044184004965312e-04
1.453789077570830329e-04
5.591496452195501135e-06
2.795748226097750398e-05
7.268945387854151645e-05
1.453789077570830329e-04
2.236598580878200319e-04
1.677448935658650171e-05
1.677448935658650171e-05
5.591496452195500797e-05
1.789278864702560363e-04
1.677448935658650171e-05
1.230129219483010216e-04
3.914047516536850625e-05
1.677448935658650171e-05
1.565619006614740250e-04
5.591496452195501135e-06
8.387244678293252211e-05
1.453789077570830329e-04
5.591496452195501135e-06
1.901108793746470284e-04
8.946394323512801817e-05
5.591496452195501135e-06
2.068853687312335302e-04
1.621533971136695346e-04
5.591496452195501135e-06
1.453789077570830329e-04
2.348428509922110511e-04
2.795748226097750398e-05
2.683918297053840274e-04
7.268945387854151645e-05
6.709795742634600685e-05
1.565619006614740250e-04
1.118299290439100227e-05
1.286044184004965312e-04
5.032346806975951191e-05
1.957023758268425380e-04
1.118299290439100227e-05
5.591496452195501135e-06
7.828095033073701251e-05
5.591496452195501135e-06
5.591496452195501135e-06
5.591496452195501135e-06
2.236598580878200454e-05
1.062384325917145199e-04
1.006469361395190238e-04
5.591496452195501135e-06
3.914047516536850625e-05
1.677448935658650171e-05
5.591496452195500797e-05
1.565619006614740250e-04
6.709795742634600685e-05
2.795748226097750398e-05
1.621533971136695346e-04
1.397874113048875233e-04
1.397874113048875233e-04
1.677448935658650442e-04
5.032346806975951191e-05
1.397874113048875233e-04
3.354897871317300342e-05
1.230129219483010216e-04
5.591496452195501135e-06
1.397874113048875233e-04
2.404343474444065336e-04
7.268945387854151645e-05
6.150646097415051080e-05
8.387244678293252211e-05
3.354897871317300342e-05
4.473197161756400908e-05
1.453789077570830329e-04
1.006469361395190238e-04
2.236598580878200454e-05
3.354897871317300342e-05
8.387244678293252211e-05
1.118299290439100227e-05
1.789278864702560363e-04
1.677448935658650171e-05
5.591496452195500797e-05
5.591496452195501135e-06
5.032346806975951191e-05
5.591496452195501135e-06
2.572088368009930624e-04
3.354897871317300342e-05
6.150646097415051080e-05
2.795748226097750398e-05
2.795748226097750398e-05
1.677448935658650171e-05
7.268945387854151645e-05
9.505543968732351422e-05
4.473197161756400908e-05
5.591496452195501135e-06
5.032346806975951191e-05
8.946394323512801817e-05
5.591496452195501135e-06
1.733363900180605267e-04
9.505543968732351422e-05
2.795748226097750398e-05
7.828095033073701251e-05
2.236598580878200454e-05
5.591496452195501135e-06
1.957023758268425380e-04
5.591496452195501135e-06
3.914047516536850625e-05
1.677448935658650171e-05
1.845193829224515459e-04
1.006469361395190238e-04
1.509704042092785425e-04
1.006469361395190238e-04
2.236598580878200454e-05
9.505543968732351422e-05
1.789278864702560363e-04
7.828095033073701251e-05
1.118299290439100159e-04
2.236598580878200454e-05
5.032346806975951191e-05
1.118299290439100159e-04
3.354897871317300342e-05
1.286044184004965312e-04
1.509704042092785425e-04
5.591496452195501135e-06
3.914047516536850625e-05
5.591496452195501135e-06
1.286044184004965312e-04
1.677448935658650442e-04
3.354897871317300342e-05
6.150646097415051080e-05
4.473197161756400908e-05
8.946394323512801817e-05
5.591496452195500797e-05
1.957023758268425380e-04
5.591496452195501135e-06
5.591496452195501135e-06
1.341959148526920137e-04
1.901108793746470284e-04
3.354897871317300342e-05
5.591496452195501135e-06
4.473197161756400908e-05
4.473197161756400908e-05
5.591496452195501135e-06
6.150646097415051080e-05
2.236598580878200454e-05
1.118299290439100159e-04
5.591496452195501135e-06
6.709795742634600685e-05
1.397874113048875233e-04
3.354897871317300342e-05
6.709795742634600685e-05
2.795748226097750398e-05
1.509704042092785425e-04
5.032346806975951191e-05
6.150646097415051080e-05
7.828095033073701251e-05
1.677448935658650171e-05
1.733363900180605267e-04
2.795748226097750398e-05
4.473197161756400908e-05
1.453789077570830329e-04
5.591496452195501135e-06
6.709795742634600685e-05
5.591496452195500797e-05
1.006469361395190238e-04
1.509704042092785425e-04
8.387244678293252211e-05
3.914047516536850625e-05
5.591496452195500797e-05
8.387244678293252211e-05
2.795748226097750398e-05
2.795748226097750398e-05
1.062384325917145199e-04
5.591496452195501135e-06
8.946394323512801817e-05
1.677448935658650171e-05
7.268945387854151645e-05
7.268945387854151645e-05
5.591496452195500797e-05
6.709795742634600685e-05
7.268945387854151645e-05
3.914047516536850625e-05
8.946394323512801817e-05
1.118299290439100227e-05
3.914047516536850625e-05
6.150646097415051080e-05
1.845193829224515459e-04
2.236598580878200454e-05
1.397874113048875233e-04
1.006469361395190238e-04
3.914047516536850625e-05
7.268945387854151645e-05
7.828095033073701251e-05
1.006469361395190238e-04
1.565619006614740250e-04
3.914047516536850625e-05
1.062384325917145199e-04
1.341959148526920137e-04
3.914047516536850625e-05
1.677448935658650171e-05
1.118299290439100227e-05
2.236598580878200454e-05
1.845193829224515459e-04
7.828095033073701251e-05
5.591496452195501135e-06
1.118299290439100227e-05
1.341959148526920137e-04
3.914047516536850625e-05
2.236598580878200454e-05
2.795748226097750398e-05
1.677448935658650171e-05
2.795748226097750398e-05
1.677448935658650171e-05
2.236598580878200454e-05
1.453789077570830329e-04
3.914047516536850625e-05
5.591496452195500797e-05
6.709795742634600685e-05
5.591496452195501135e-06
3.354897871317300342e-05
1.118299290439100227e-05
5.032346806975951191e-05
1.397874113048875233e-04
1.397874113048875233e-04
1.677448935658650171e-05
5.032346806975951191e-05
8.387244678293252211e-05
1.677448935658650171e-05
5.591496452195501135e-06
5.591496452195500797e-05
1.118299290439100227e-05
5.032346806975951191e-05
7.828095033073701251e-05
3.914047516536850625e-05
5.591496452195501135e-06
5.032346806975951191e-05
5.591496452195501135e-06
1.118299290439100227e-05
2.795748226097750398e-05
1.845193829224515459e-04
1.230129219483010216e-04
1.006469361395190238e-04
1.509704042092785425e-04
5.591496452195500797e-05
5.591496452195501135e-06
9.505543968732351422e-05
1.062384325917145199e-04
1.118299290439100227e-05
1.006469361395190238e-04
5.591496452195501135e-06
5.591496452195501135e-06
1.677448935658650171e-05
5.591496452195501135e-06
3.354897871317300342e-05
1.062384325917145199e-04
6.709795742634600685e-05
5.591496452195501135e-06
4.473197161756400908e-05
5.591496452195501135e-06
1.062384325917145199e-04
3.914047516536850625e-05
1.006469361395190238e-04
8.387244678293252211e-05
3.354897871317300342e-05
1.733363900180605267e-04
1.397874113048875233e-04
1.062384325917145199e-04
5.591496452195501135e-06
6.709795742634600685e-05
1.062384325917145199e-04
3.914047516536850625e-05
1.118299290439100227e-05
2.795748226097750398e-05
1.118299290439100227e-05
3.914047516536850625e-05
2.236598580878200454e-05
5.591496452195500797e-05
1.118299290439100159e-04
1.845193829224515459e-04
5.591496452195500797e-05
5.591496452195501135e-06
7.268945387854151645e-05
5.591496452195501135e-06
5.591496452195501135e-06
2.795748226097750398e-05
5.591496452195501135e-06
9.505543968732351422e-05
6.709795742634600685e-05
8.946394323512801817e-05
4.473197161756400908e-05
3.914047516536850625e-05
1.677448935658650171e-05
1.118299290439100227e-05
3.914047516536850625e-05
6.709795742634600685e-05
1.677448935658650171e-05
1.621533971136695346e-04
1.677448935658650171e-05
5.591496452195500797e-05
1.230129219483010216e-04
5.591496452195501135e-06
1.565619006614740250e-04
1.118299290439100227e-05
7.268945387854151645e-05
8.946394323512801817e-05
1.341959148526920137e-04
6.709795742634600685e-05
1.006469361395190238e-04
8.946394323512801817e-05
1.006469361395190238e-04
6.150646097415051080e-05
1.509704042092785425e-04
5.591496452195501135e-06
6.709795742634600685e-05
6.150646097415051080e-05
8.946394323512801817e-05
2.628003332531885449e-04
2.404343474444065336e-04
6.709795742634600685e-05
5.591496452195501135e-06
8.946394323512801817e-05
1.621533971136695346e-04
7.828095033073701251e-05
1.509704042092785425e-04
7.268945387854151645e-05
1.118299290439100159e-04
6.150646097415051080e-05
5.032346806975951191e-05
2.628003332531885449e-04
2.795748226097750398e-05
1.677448935658650171e-05
5.591496452195501135e-06
1.789278864702560363e-04
1.677448935658650442e-04
1.397874113048875233e-04
3.354897871317300342e-05
1.677448935658650171e-05
6.150646097415051080e-05
3.914047516536850625e-05
1.230129219483010216e-04
1.230129219483010216e-04
1.118299290439100159e-04
1.677448935658650171e-05
5.591496452195500797e-05
8.946394323512801817e-05
7.268945387854151645e-05
6.709795742634600685e-05
1.677448935658650171e-05
1.118299290439100227e-05
5.591496452195501135e-06
1.230129219483010216e-04
1.118299290439100159e-04
7.828095033073701251e-05
5.591496452195501135e-06
9.505543968732351422e-05
8.387244678293252211e-05
1.174214254961055255e-04
5.591496452195501135e-06
9.505543968732351422e-05
5.032346806975951191e-05
1.677448935658650171e-05
1.062384325917145199e-04
1.118299290439100227e-05
1.677448935658650171e-05
3.914047516536850625e-05
1.453789077570830329e-04
5.591496452195500797e-05
6.709795742634600685e-05
8.946394323512801817e-05
1.677448935658650171e-05
5.591496452195501135e-06
1.118299290439100227e-05
1.118299290439100159e-04
3.914047516536850625e-05
1.118299290439100227e-05
1.565619006614740250e-04
5.591496452195500797e-05
5.591496452195501135e-06
1.397874113048875233e-04
1.677448935658650171e-05
1.509704042092785425e-04
6.150646097415051080e-05
5.591496452195501135e-06
1.286044184004965312e-04
2.236598580878200454e-05
3.914047516536850625e-05
5.032346806975951191e-05
1.677448935658650171e-05
6.150646097415051080e-05
5.591496452195500797e-05
4.473197161756400908e-05
1.118299290439100159e-04
1.118299290439100227e-05
1.286044184004965312e-04
1.230129219483010216e-04
1.565619006614740250e-04
1.565619006614740250e-04
2.795748226097750398e-05
1.453789077570830329e-04
6.150646097415051080e-05
2.795748226097750398e-05
2.236598580878200454e-05
1.286044184004965312e-04
1.118299290439100159e-04
1.397874113048875233e-04
3.354897871317300342e-05
3.354897871317300342e-05
1.006469361395190238e-04
7.828095033073701251e-05
2.516173403487975257e-04
1.230129219483010216e-04
1.621533971136695346e-04
6.150646097415051080e-05
1.118299290439100227e-05
1.677448935658650442e-04
1.062384325917145199e-04
1.062384325917145199e-04
5.032346806975951191e-05
1.062384325917145199e-04
5.591496452195500797e-05
4.473197161756400908e-05
