1.784757458427102539e-02
8.207414862340009845e-03
7.594712589051499409e-03
6.891153324666974417e-03
6.590626354118617712e-03
6.294758716446979124e-03
6.250495054118150942e-03
4.882980854801209289e-03
4.694277873294102135e-03
4.540519888362384328e-03
4.526541889732228242e-03
4.295904912334651965e-03
4.361135572608714275e-03
4.419377233567697676e-03
4.055949269183638586e-03
4.149135926718012200e-03
4.272608247951058778e-03
3.850938622608014988e-03
3.538763319867861256e-03
3.168346356168723690e-03
3.242895682196223102e-03
3.527114987676064663e-03
3.331423006853878599e-03
3.135731026031692969e-03
3.149709024661849054e-03
2.919072047264272777e-03
3.175335355483801733e-03
2.977313708223256611e-03
2.991291706853412696e-03
2.725709732880446205e-03
2.954017043839662991e-03
2.679116404113258965e-03
2.970324708908178568e-03
2.900434715757397707e-03
2.795599726031226633e-03
2.520699086304823040e-03
2.397226765071776896e-03
2.755995396579117868e-03
2.653490073291306286e-03
2.735028398633883740e-03
2.532347418496619634e-03
2.290062108907246763e-03
2.735028398633883740e-03
2.390237765756698853e-03
2.644171407537868751e-03
2.411204763701932981e-03
2.348303769866230597e-03
2.392567432195058345e-03
2.434501428085526602e-03
2.432171761647167543e-03
2.348303769866230597e-03
2.509050754113026013e-03
2.394897098633417837e-03
2.369270767811464725e-03
2.294721441783965313e-03
2.327336771920996469e-03
2.327336771920996469e-03
2.278413776715449736e-03
2.236479780824981480e-03
2.147952456167325982e-03
2.192216118496153731e-03
2.175908453427638153e-03
2.234150114386621987e-03
2.082721795893264106e-03
2.115337126030294827e-03
2.092040461646701641e-03
2.094370128085060699e-03
1.924304478084827748e-03
2.071073463701467079e-03
1.956919808221858903e-03
1.968568140413655496e-03
1.882370482194359491e-03
1.907996813016312387e-03
2.010502136304124186e-03
1.884700148632718767e-03
1.998853804112327159e-03
1.924304478084827748e-03
2.064084464386389036e-03
2.010502136304124186e-03
1.991864804797249117e-03
1.770546493153110374e-03
1.838106819865531743e-03
1.866062817125843914e-03
1.821799154797016165e-03
1.882370482194359491e-03
1.842766152742250294e-03
1.793843157536703994e-03
1.779865158906547692e-03
1.807821156166860080e-03
1.607469842467955465e-03
1.584173178084361845e-03
1.668041169865298792e-03
1.598151176714517931e-03
1.803161823290141312e-03
1.588832510961080613e-03
1.539909515755534097e-03
1.470019522604753453e-03
1.595821510276158655e-03
1.614458841783033508e-03
1.626107173974830318e-03
1.563206180139127717e-03
1.644744505481705171e-03
1.493316186988347073e-03
1.488656854111628305e-03
1.421096527399206937e-03
1.481667854796550263e-03
1.588832510961080613e-03
1.546898515070612139e-03
1.500305186303425116e-03
1.605140176029596190e-03
1.528261183563737287e-03
1.486327187673269030e-03
1.432744859591003747e-03
1.439733858906081789e-03
1.435074526029363022e-03
1.439733858906081789e-03
1.407118528769050851e-03
1.400129529453972808e-03
1.465360189728034685e-03
1.535250182878815329e-03
1.386151530823816723e-03
1.497975519865065623e-03
1.367514199316941870e-03
1.367514199316941870e-03
1.432744859591003747e-03
1.409448195207410126e-03
1.348876867810067017e-03
1.458371190412956642e-03
1.348876867810067017e-03
1.288305540412723691e-03
1.346547201371707525e-03
1.365184532878582378e-03
1.297624206166161226e-03
1.295294539727801734e-03
1.232393545892099132e-03
1.337228535618270207e-03
1.216085880823583772e-03
1.360525200001863827e-03
1.216085880823583772e-03
1.288305540412723691e-03
1.162503552741318488e-03
1.248701210960614710e-03
1.288305540412723691e-03
1.232393545892099132e-03
1.269668208905848838e-03
1.271997875344208113e-03
1.269668208905848838e-03
1.274327541782567606e-03
1.295294539727801734e-03
1.276657208220926881e-03
1.237052878768817900e-03
1.267338542467489563e-03
1.150855220549521678e-03
1.248701210960614710e-03
1.211426547946865004e-03
1.204437548631786961e-03
1.288305540412723691e-03
1.195118882878349427e-03
1.253360543837333477e-03
9.807895705492887268e-04
1.223074880138661814e-03
1.185800217124912109e-03
1.190459550001630659e-03
1.190459550001630659e-03
1.181140884248193341e-03
1.171822218494756023e-03
1.267338542467489563e-03
1.132217889042646825e-03
1.141536554796084360e-03
1.211426547946865004e-03
1.076305894522022267e-03
1.204437548631786961e-03
1.118239890412490740e-03
1.178811217809834066e-03
1.183470550686552616e-03
1.087954226713819077e-03
1.150855220549521678e-03
9.784599041109294515e-04
1.076305894522022267e-03
1.066987228768584949e-03
1.127558556165928058e-03
1.115910223974131464e-03
1.078635560960381759e-03
1.167162885618037256e-03
1.080965227398741034e-03
1.097272892467256612e-03
1.076305894522022267e-03
1.129888222604287550e-03
1.069316895206944224e-03
1.099602558905615887e-03
1.071646561645303716e-03
1.008745567809601115e-03
9.807895705492887268e-04
1.029712565754835243e-03
1.027382899316475967e-03
1.011075234247960390e-03
1.046020230823350820e-03
1.032042232193194518e-03
1.087954226713819077e-03
1.029712565754835243e-03
9.761302376725700678e-04
1.020393900001397708e-03
1.041360897946632053e-03
1.022723566439757200e-03
9.598225726040545986e-04
9.318665753437423193e-04
9.761302376725700678e-04
1.006415901371241622e-03
9.807895705492887268e-04
9.714709047958513003e-04
1.018064233563038433e-03
9.691412383574920250e-04
8.899325794532738461e-04
1.071646561645303716e-03
9.435149075355390210e-04
1.020393900001397708e-03
8.433392506860867138e-04
9.877785698643667695e-04
1.018064233563038433e-03
9.178885767135861254e-04
9.341962417821015946e-04
9.435149075355390210e-04
9.202182431519455091e-04
9.854489034260074942e-04
9.365259082204609783e-04
9.341962417821015946e-04
8.922622458916332298e-04
8.503282500011648650e-04
9.807895705492887268e-04
9.481742404122577884e-04
9.458445739738984047e-04
9.505039068506171722e-04
9.272072424670235518e-04
8.782842472614771443e-04
8.945919123299926135e-04
8.526579164395241403e-04
9.272072424670235518e-04
8.223722527408525856e-04
8.037349212339777327e-04
9.015809116450706562e-04
9.435149075355390210e-04
9.062402445217894236e-04
9.062402445217894236e-04
9.178885767135861254e-04
8.223722527408525856e-04
9.295369089053829356e-04
8.689655815080397179e-04
8.410095842477274385e-04
9.831192369876480021e-04
8.643062486313209504e-04
8.782842472614771443e-04
9.155589102752267417e-04
8.573172493162429077e-04
8.503282500011648650e-04
7.781085904120248371e-04
8.433392506860867138e-04
8.643062486313209504e-04
7.874272561654622636e-04
8.876029130149145708e-04
9.015809116450706562e-04
8.945919123299926135e-04
8.666359150696803341e-04
8.340205849326493958e-04
9.225479095903048928e-04
8.270315856175712447e-04
8.153832534257745429e-04
8.829435801381958033e-04
9.202182431519455091e-04
8.503282500011648650e-04
7.361745945215563639e-04
8.596469157546022914e-04
7.944162554805403063e-04
8.619765821929615667e-04
7.781085904120248371e-04
8.363502513710086711e-04
7.920865890421809226e-04
7.082185972612440846e-04
7.711195910969466860e-04
7.944162554805403063e-04
8.293612520559306284e-04
7.850975897271028799e-04
7.944162554805403063e-04
8.316909184942900121e-04
7.198669294530408947e-04
6.988999315078066581e-04
7.058889308228848093e-04
7.897569226038215389e-04
7.757789239736654534e-04
7.571415924667906005e-04
7.524822595900719415e-04
8.247019191792119694e-04
7.711195910969466860e-04
7.897569226038215389e-04
7.594712589051499842e-04
7.618009253435093680e-04
7.967459219188996900e-04
7.734492575353060697e-04
7.548119260284312168e-04
7.431635938366345151e-04
7.315152616448377049e-04
7.431635938366345151e-04
7.478229267133531741e-04
7.641305917818686433e-04
7.035592643845254256e-04
7.641305917818686433e-04
7.454932602749937904e-04
7.850975897271028799e-04
7.431635938366345151e-04
7.967459219188996900e-04
7.431635938366345151e-04
7.454932602749937904e-04
7.408339273982751313e-04
7.315152616448377049e-04
7.524822595900719415e-04
7.804382568503841124e-04
9.155589102752267417e-04
7.128779301379628520e-04
7.431635938366345151e-04
7.198669294530408947e-04
7.058889308228848093e-04
6.499769363022602506e-04
7.082185972612440846e-04
6.709439342474944872e-04
8.130535869874151592e-04
7.012295979461660419e-04
6.686142678091351035e-04
7.385042609599157476e-04
7.594712589051499842e-04
6.732736006858537625e-04
7.478229267133531741e-04
6.965702650694473828e-04
7.338449280831970886e-04
7.082185972612440846e-04
6.662846013707757198e-04
6.825922664392911890e-04
7.012295979461660419e-04
6.290099383570260140e-04
7.082185972612440846e-04
7.058889308228848093e-04
7.361745945215563639e-04
6.499769363022602506e-04
7.082185972612440846e-04
7.128779301379628520e-04
6.662846013707757198e-04
6.639549349324163361e-04
7.268559287681189375e-04
6.383286041104634405e-04
7.152075965763222357e-04
5.940649417816356919e-04
6.919109321927286154e-04
6.988999315078066581e-04
6.033836075350731184e-04
6.802626000009319137e-04
6.662846013707757198e-04
6.895812657543693401e-04
6.639549349324163361e-04
6.779329335625725299e-04
6.732736006858537625e-04
6.709439342474944872e-04
6.988999315078066581e-04
7.501525931517125578e-04
6.336692712337447814e-04
6.546362691789789096e-04
6.476472698639008669e-04
6.662846013707757198e-04
6.756032671242131462e-04
6.732736006858537625e-04
5.055376171239801949e-04
6.546362691789789096e-04
6.220209390419479713e-04
6.080429404117918858e-04
6.756032671242131462e-04
6.919109321927286154e-04
6.150319397268699285e-04
6.266802719186667387e-04
6.313396047953853977e-04
6.057132739734325021e-04
6.313396047953853977e-04
6.336692712337447814e-04
6.546362691789789096e-04
6.336692712337447814e-04
6.523066027406196343e-04
5.521309458911673271e-04
6.756032671242131462e-04
6.057132739734325021e-04
5.684386109596827963e-04
6.173616061652293123e-04
6.266802719186667387e-04
5.684386109596827963e-04
6.709439342474944872e-04
5.870759424665576492e-04
7.058889308228848093e-04
5.940649417816356919e-04
6.429879369871822079e-04
5.870759424665576492e-04
6.103726068501511611e-04
6.080429404117918858e-04
5.987242746583544594e-04
6.266802719186667387e-04
6.639549349324163361e-04
7.245262623297596622e-04
5.777572767131202228e-04
6.592956020556976771e-04
6.313396047953853977e-04
5.987242746583544594e-04
5.614496116446047536e-04
6.057132739734325021e-04
5.614496116446047536e-04
6.266802719186667387e-04
6.336692712337447814e-04
5.894056089049170329e-04
6.383286041104634405e-04
6.103726068501511611e-04
5.917352753432763082e-04
5.870759424665576492e-04
5.987242746583544594e-04
6.266802719186667387e-04
5.521309458911673271e-04
5.800869431514796065e-04
5.870759424665576492e-04
5.707682773980421800e-04
6.220209390419479713e-04
6.359989376721040567e-04
5.987242746583544594e-04
5.963946082199950757e-04
5.567902787678859862e-04
5.381529472610111333e-04
6.220209390419479713e-04
5.847462760281982655e-04
5.544606123295267109e-04
6.080429404117918858e-04
5.800869431514796065e-04
5.521309458911673271e-04
6.336692712337447814e-04
5.987242746583544594e-04
5.754276102747608391e-04
5.824166095898388818e-04
5.521309458911673271e-04
5.544606123295267109e-04
5.917352753432763082e-04
5.404826136993705170e-04
5.474716130144485597e-04
6.359989376721040567e-04
5.544606123295267109e-04
5.940649417816356919e-04
6.173616061652293123e-04
5.754276102747608391e-04
5.125266164390582376e-04
5.381529472610111333e-04
4.962189513705427685e-04
5.241749486308550478e-04
5.940649417816356919e-04
5.870759424665576492e-04
5.381529472610111333e-04
5.381529472610111333e-04
5.591199452062453699e-04
6.080429404117918858e-04
5.498012794528079434e-04
5.428122801377299007e-04
5.381529472610111333e-04
5.195156157541362804e-04
5.730979438364014553e-04
5.474716130144485597e-04
5.707682773980421800e-04
5.684386109596827963e-04
5.148562828774176214e-04
5.544606123295267109e-04
5.544606123295267109e-04
5.008782842472614275e-04
5.637792780829640289e-04
5.265046150692144315e-04
5.614496116446047536e-04
5.474716130144485597e-04
4.938892849321833848e-04
5.661089445213234126e-04
5.987242746583544594e-04
5.824166095898388818e-04
5.404826136993705170e-04
5.661089445213234126e-04
5.847462760281982655e-04
5.265046150692144315e-04
5.870759424665576492e-04
5.148562828774176214e-04
5.032079506856208112e-04
5.381529472610111333e-04
4.659332876718711596e-04
5.544606123295267109e-04
5.474716130144485597e-04
5.311639479459330905e-04
5.963946082199950757e-04
5.311639479459330905e-04
5.101969500006988539e-04
5.334936143842924743e-04
5.311639479459330905e-04
4.845706191787460125e-04
5.894056089049170329e-04
4.892299520554647257e-04
5.101969500006988539e-04
4.938892849321833848e-04
4.799112863020272993e-04
3.843949623292937053e-04
4.845706191787460125e-04
5.148562828774176214e-04
5.265046150692144315e-04
5.195156157541362804e-04
4.962189513705427685e-04
4.566146219184337332e-04
4.915596184938240010e-04
3.797356294525749921e-04
4.938892849321833848e-04
4.286586246581214539e-04
4.962189513705427685e-04
5.125266164390582376e-04
4.636036212335117759e-04
4.496256226033556362e-04
4.962189513705427685e-04
5.078672835623395786e-04
4.356476239731994966e-04
4.123509595896059847e-04
5.032079506856208112e-04
4.845706191787460125e-04
4.892299520554647257e-04
5.404826136993705170e-04
4.938892849321833848e-04
4.519552890417150200e-04
4.403069568499182098e-04
5.358232808226518580e-04
4.356476239731994966e-04
4.799112863020272993e-04
4.286586246581214539e-04
4.682629541102304891e-04
4.915596184938240010e-04
4.682629541102304891e-04
4.729222869869492024e-04
4.915596184938240010e-04
5.078672835623395786e-04
4.030322938361685582e-04
4.309882910964807834e-04
4.705926205485898729e-04
4.915596184938240010e-04
4.705926205485898729e-04
4.938892849321833848e-04
3.983729609594498450e-04
4.612739547951524464e-04
4.496256226033556362e-04
4.636036212335117759e-04
4.379772904115588803e-04
4.659332876718711596e-04
4.845706191787460125e-04
4.496256226033556362e-04
4.705926205485898729e-04
4.729222869869492024e-04
5.288342815075737068e-04
4.309882910964807834e-04
4.239992917814027406e-04
4.589442883567930627e-04
4.566146219184337332e-04
4.845706191787460125e-04
4.542849554800743495e-04
4.309882910964807834e-04
4.356476239731994966e-04
4.589442883567930627e-04
4.636036212335117759e-04
4.496256226033556362e-04
4.566146219184337332e-04
4.030322938361685582e-04
3.680872972607781820e-04
3.471202993155439996e-04
3.774059630142156084e-04
4.589442883567930627e-04
4.449662897266369230e-04
4.403069568499182098e-04
4.333179575348401671e-04
3.937136280827311318e-04
4.333179575348401671e-04
3.983729609594498450e-04
4.449662897266369230e-04
3.843949623292937053e-04
4.239992917814027406e-04
4.426366232882775935e-04
4.962189513705427685e-04
4.193399589046840274e-04
4.007026273978091745e-04
4.356476239731994966e-04
4.123509595896059847e-04
4.636036212335117759e-04
5.311639479459330905e-04
4.612739547951524464e-04
4.007026273978091745e-04
4.403069568499182098e-04
4.705926205485898729e-04
4.007026273978091745e-04
4.263289582197620701e-04
4.403069568499182098e-04
4.146806260279653142e-04
4.123509595896059847e-04
4.030322938361685582e-04
4.146806260279653142e-04
4.542849554800743495e-04
4.519552890417150200e-04
4.869002856171053420e-04
4.636036212335117759e-04
3.610982979457001392e-04
3.680872972607781820e-04
4.659332876718711596e-04
4.263289582197620701e-04
4.053619602745278877e-04
4.496256226033556362e-04
4.379772904115588803e-04
3.867246287676530348e-04
4.519552890417150200e-04
4.123509595896059847e-04
4.566146219184337332e-04
3.937136280827311318e-04
4.053619602745278877e-04
4.216696253430433569e-04
4.449662897266369230e-04
4.263289582197620701e-04
3.937136280827311318e-04
3.960432945210904613e-04
3.983729609594498450e-04
5.265046150692144315e-04
4.053619602745278877e-04
3.680872972607781820e-04
4.892299520554647257e-04
4.146806260279653142e-04
4.333179575348401671e-04
3.983729609594498450e-04
4.426366232882775935e-04
4.263289582197620701e-04
3.471202993155439996e-04
3.983729609594498450e-04
3.191643020552317202e-04
4.193399589046840274e-04
4.239992917814027406e-04
4.030322938361685582e-04
3.634279643840594687e-04
3.867246287676530348e-04
3.634279643840594687e-04
2.912083047949194409e-04
3.331423006853878599e-04
3.983729609594498450e-04
3.610982979457001392e-04
4.193399589046840274e-04
3.657576308224188525e-04
3.657576308224188525e-04
3.447906328771846701e-04
3.261533013703098172e-04
4.030322938361685582e-04
3.913839616443717481e-04
3.098456363017942938e-04
3.634279643840594687e-04
3.890542952060124186e-04
5.125266164390582376e-04
3.960432945210904613e-04
3.378016335621065731e-04
4.123509595896059847e-04
3.261533013703098172e-04
4.053619602745278877e-04
3.587686315073407555e-04
3.727466301374968952e-04
4.239992917814027406e-04
3.238236349319504334e-04
4.123509595896059847e-04
3.774059630142156084e-04
3.727466301374968952e-04
3.774059630142156084e-04
3.401313000004659568e-04
3.937136280827311318e-04
3.983729609594498450e-04
3.774059630142156084e-04
3.867246287676530348e-04
3.704169636991375657e-04
3.284829678086691467e-04
3.983729609594498450e-04
3.098456363017942938e-04
4.076916267128872715e-04
3.098456363017942938e-04
3.750762965758562789e-04
4.216696253430433569e-04
2.702413068496852585e-04
3.960432945210904613e-04
3.284829678086691467e-04
3.890542952060124186e-04
3.843949623292937053e-04
3.075159698634349643e-04
3.937136280827311318e-04
3.634279643840594687e-04
3.704169636991375657e-04
3.680872972607781820e-04
3.680872972607781820e-04
3.494499657539033291e-04
3.937136280827311318e-04
3.610982979457001392e-04
3.843949623292937053e-04
3.517796321922627128e-04
3.867246287676530348e-04
3.471202993155439996e-04
3.960432945210904613e-04
3.890542952060124186e-04
3.471202993155439996e-04
3.890542952060124186e-04
3.471202993155439996e-04
3.774059630142156084e-04
3.843949623292937053e-04
3.471202993155439996e-04
3.820652958909343216e-04
3.308126342470285304e-04
4.030322938361685582e-04
3.494499657539033291e-04
2.958676376716381541e-04
3.564389650689814260e-04
3.471202993155439996e-04
3.820652958909343216e-04
3.145049691785130070e-04
3.610982979457001392e-04
3.191643020552317202e-04
3.284829678086691467e-04
3.913839616443717481e-04
3.331423006853878599e-04
4.007026273978091745e-04
3.471202993155439996e-04
3.913839616443717481e-04
3.447906328771846701e-04
3.587686315073407555e-04
3.284829678086691467e-04
3.913839616443717481e-04
3.447906328771846701e-04
3.261533013703098172e-04
3.447906328771846701e-04
3.564389650689814260e-04
3.587686315073407555e-04
2.888786383565601114e-04
3.075159698634349643e-04
3.098456363017942938e-04
3.610982979457001392e-04
3.471202993155439996e-04
3.378016335621065731e-04
3.284829678086691467e-04
3.308126342470285304e-04
2.888786383565601114e-04
3.541092986306220423e-04
3.401313000004659568e-04
3.378016335621065731e-04
3.587686315073407555e-04
3.890542952060124186e-04
3.494499657539033291e-04
3.214939684935911039e-04
3.145049691785130070e-04
3.564389650689814260e-04
2.981973041099975378e-04
3.121753027401536775e-04
3.634279643840594687e-04
3.214939684935911039e-04
2.912083047949194409e-04
3.610982979457001392e-04
1.677359835618736218e-04
3.424609664388252863e-04
3.401313000004659568e-04
3.238236349319504334e-04
3.354719671237472436e-04
3.424609664388252863e-04
3.214939684935911039e-04
2.749006397264039717e-04
3.214939684935911039e-04
3.960432945210904613e-04
3.704169636991375657e-04
3.284829678086691467e-04
3.401313000004659568e-04
3.541092986306220423e-04
3.610982979457001392e-04
3.284829678086691467e-04
3.238236349319504334e-04
3.680872972607781820e-04
3.168346356168723907e-04
2.539336417811697893e-04
3.168346356168723907e-04
3.378016335621065731e-04
3.354719671237472436e-04
2.749006397264039717e-04
3.238236349319504334e-04
3.075159698634349643e-04
3.424609664388252863e-04
3.145049691785130070e-04
3.284829678086691467e-04
3.447906328771846701e-04
3.214939684935911039e-04
3.145049691785130070e-04
3.378016335621065731e-04
2.865489719182007277e-04
3.075159698634349643e-04
3.168346356168723907e-04
3.075159698634349643e-04
3.308126342470285304e-04
3.284829678086691467e-04
3.098456363017942938e-04
3.261533013703098172e-04
3.214939684935911039e-04
2.958676376716381541e-04
3.028566369867162511e-04
3.098456363017942938e-04
3.284829678086691467e-04
3.121753027401536775e-04
3.494499657539033291e-04
3.284829678086691467e-04
3.028566369867162511e-04
3.028566369867162511e-04
3.238236349319504334e-04
3.308126342470285304e-04
2.539336417811697893e-04
2.981973041099975378e-04
3.191643020552317202e-04
3.168346356168723907e-04
3.075159698634349643e-04
3.145049691785130070e-04
2.912083047949194409e-04
2.702413068496852585e-04
2.865489719182007277e-04
3.005269705483568673e-04
3.075159698634349643e-04
2.912083047949194409e-04
2.981973041099975378e-04
2.795599726031226849e-04
3.238236349319504334e-04
3.098456363017942938e-04
3.051863034250755806e-04
3.145049691785130070e-04
3.284829678086691467e-04
2.888786383565601114e-04
2.935379712332788246e-04
2.492743089044510761e-04
2.958676376716381541e-04
2.795599726031226849e-04
2.958676376716381541e-04
2.935379712332788246e-04
3.028566369867162511e-04
2.935379712332788246e-04
3.401313000004659568e-04
3.145049691785130070e-04
2.725709732880446422e-04
3.098456363017942938e-04
2.655819739729665453e-04
3.261533013703098172e-04
2.981973041099975378e-04
2.725709732880446422e-04
2.749006397264039717e-04
3.797356294525749921e-04
3.098456363017942938e-04
3.028566369867162511e-04
2.981973041099975378e-04
3.191643020552317202e-04
3.051863034250755806e-04
3.028566369867162511e-04
3.098456363017942938e-04
2.935379712332788246e-04
3.098456363017942938e-04
2.888786383565601114e-04
3.517796321922627128e-04
2.352963102742949364e-04
3.075159698634349643e-04
2.935379712332788246e-04
2.888786383565601114e-04
3.075159698634349643e-04
3.261533013703098172e-04
2.865489719182007277e-04
2.772303061647633554e-04
2.818896390414820144e-04
2.818896390414820144e-04
2.958676376716381541e-04
2.213183116441387968e-04
3.005269705483568673e-04
2.166589787674200835e-04
2.119996458907013703e-04
4.170102924663246979e-04
2.795599726031226849e-04
2.376259767126542930e-04
3.447906328771846701e-04
3.098456363017942938e-04
3.098456363017942938e-04
2.749006397264039717e-04
1.980216472605452306e-04
3.214939684935911039e-04
2.632523075346072158e-04
2.725709732880446422e-04
3.238236349319504334e-04
2.655819739729665453e-04
2.236479780824981534e-04
2.842193054798413982e-04
2.912083047949194409e-04
2.865489719182007277e-04
2.609226410962478320e-04
2.912083047949194409e-04
3.983729609594498450e-04
2.096699794523420137e-04
2.469446424660916924e-04
2.818896390414820144e-04
2.655819739729665453e-04
2.469446424660916924e-04
2.888786383565601114e-04
2.655819739729665453e-04
2.585929746578885025e-04
2.725709732880446422e-04
2.446149760277323629e-04
2.749006397264039717e-04
2.632523075346072158e-04
2.865489719182007277e-04
2.679116404113259290e-04
2.492743089044510761e-04
2.888786383565601114e-04
2.725709732880446422e-04
2.842193054798413982e-04
2.725709732880446422e-04
2.772303061647633554e-04
2.679116404113259290e-04
3.424609664388252863e-04
2.749006397264039717e-04
3.028566369867162511e-04
2.912083047949194409e-04
2.655819739729665453e-04
2.958676376716381541e-04
2.772303061647633554e-04
2.632523075346072158e-04
2.585929746578885025e-04
2.702413068496852585e-04
2.585929746578885025e-04
2.842193054798413982e-04
2.539336417811697893e-04
2.655819739729665453e-04
2.609226410962478320e-04
2.492743089044510761e-04
2.912083047949194409e-04
3.028566369867162511e-04
2.492743089044510761e-04
2.912083047949194409e-04
9.318665753437422380e-05
2.749006397264039717e-04
2.236479780824981534e-04
2.749006397264039717e-04
2.492743089044510761e-04
2.352963102742949364e-04
2.609226410962478320e-04
2.562633082195291188e-04
2.655819739729665453e-04
2.981973041099975378e-04
2.516039753428104056e-04
2.399556431510136497e-04
2.632523075346072158e-04
2.539336417811697893e-04
2.306369773975762232e-04
2.725709732880446422e-04
2.562633082195291188e-04
2.585929746578885025e-04
2.446149760277323629e-04
2.166589787674200835e-04
2.539336417811697893e-04
2.189886452057794401e-04
2.609226410962478320e-04
2.702413068496852585e-04
2.772303061647633554e-04
2.399556431510136497e-04
2.422853095893730063e-04
2.516039753428104056e-04
2.492743089044510761e-04
2.492743089044510761e-04
3.401313000004659568e-04
2.073403130139826571e-04
2.259776445208575100e-04
2.492743089044510761e-04
2.585929746578885025e-04
2.888786383565601114e-04
2.352963102742949364e-04
3.075159698634349643e-04
2.050106465756233005e-04
2.749006397264039717e-04
2.702413068496852585e-04
2.655819739729665453e-04
2.352963102742949364e-04
2.329666438359355798e-04
2.352963102742949364e-04
2.516039753428104056e-04
2.749006397264039717e-04
2.283073109592168666e-04
2.516039753428104056e-04
2.795599726031226849e-04
3.145049691785130070e-04
2.562633082195291188e-04
2.679116404113259290e-04
2.469446424660916924e-04
2.469446424660916924e-04
2.329666438359355798e-04
2.329666438359355798e-04
2.539336417811697893e-04
2.376259767126542930e-04
2.376259767126542930e-04
2.842193054798413982e-04
1.956919808221858740e-04
2.585929746578885025e-04
2.213183116441387968e-04
1.956919808221858740e-04
2.422853095893730063e-04
2.166589787674200835e-04
2.446149760277323629e-04
2.585929746578885025e-04
2.213183116441387968e-04
2.702413068496852585e-04
2.516039753428104056e-04
2.213183116441387968e-04
2.259776445208575100e-04
2.352963102742949364e-04
2.492743089044510761e-04
2.352963102742949364e-04
2.329666438359355798e-04
2.446149760277323629e-04
2.236479780824981534e-04
2.818896390414820144e-04
2.189886452057794401e-04
2.119996458907013703e-04
1.840436486303890910e-04
2.329666438359355798e-04
2.609226410962478320e-04
2.376259767126542930e-04
2.306369773975762232e-04
3.005269705483568673e-04
2.236479780824981534e-04
2.655819739729665453e-04
2.352963102742949364e-04
2.329666438359355798e-04
2.143293123290607269e-04
2.772303061647633554e-04
2.259776445208575100e-04
2.026809801372639439e-04
2.655819739729665453e-04
2.236479780824981534e-04
1.933623143838265174e-04
2.189886452057794401e-04
2.073403130139826571e-04
2.329666438359355798e-04
2.492743089044510761e-04
2.632523075346072158e-04
2.050106465756233005e-04
1.723953164385923350e-04
2.399556431510136497e-04
2.189886452057794401e-04
2.516039753428104056e-04
2.376259767126542930e-04
2.469446424660916924e-04
2.399556431510136497e-04
1.397799863015613425e-04
2.213183116441387968e-04
2.679116404113259290e-04
2.236479780824981534e-04
2.422853095893730063e-04
1.980216472605452306e-04
2.446149760277323629e-04
2.469446424660916924e-04
2.166589787674200835e-04
2.422853095893730063e-04
2.632523075346072158e-04
1.863733150687484476e-04
2.516039753428104056e-04
2.213183116441387968e-04
2.376259767126542930e-04
2.073403130139826571e-04
2.236479780824981534e-04
2.143293123290607269e-04
2.422853095893730063e-04
2.119996458907013703e-04
2.259776445208575100e-04
2.446149760277323629e-04
2.119996458907013703e-04
2.073403130139826571e-04
2.236479780824981534e-04
2.119996458907013703e-04
1.793843157536703778e-04
2.329666438359355798e-04
2.446149760277323629e-04
2.352963102742949364e-04
2.143293123290607269e-04
2.189886452057794401e-04
2.516039753428104056e-04
2.189886452057794401e-04
2.026809801372639439e-04
2.306369773975762232e-04
2.003513136989045873e-04
2.283073109592168666e-04
2.352963102742949364e-04
2.259776445208575100e-04
2.096699794523420137e-04
2.096699794523420137e-04
2.166589787674200835e-04
2.003513136989045873e-04
2.213183116441387968e-04
2.050106465756233005e-04
2.096699794523420137e-04
2.376259767126542930e-04
2.842193054798413982e-04
2.283073109592168666e-04
1.980216472605452306e-04
2.189886452057794401e-04
2.236479780824981534e-04
2.003513136989045873e-04
2.166589787674200835e-04
2.119996458907013703e-04
2.096699794523420137e-04
2.422853095893730063e-04
2.050106465756233005e-04
2.189886452057794401e-04
2.306369773975762232e-04
2.073403130139826571e-04
2.026809801372639439e-04
1.817139821920297344e-04
2.259776445208575100e-04
2.026809801372639439e-04
2.003513136989045873e-04
2.096699794523420137e-04
2.003513136989045873e-04
2.073403130139826571e-04
1.747249828769516645e-04
2.050106465756233005e-04
2.166589787674200835e-04
2.213183116441387968e-04
2.050106465756233005e-04
2.003513136989045873e-04
1.956919808221858740e-04
1.956919808221858740e-04
2.189886452057794401e-04
2.189886452057794401e-04
1.584173178084361954e-04
2.562633082195291188e-04
2.050106465756233005e-04
2.096699794523420137e-04
1.887029815071078042e-04
1.677359835618736218e-04
2.003513136989045873e-04
2.026809801372639439e-04
2.213183116441387968e-04
2.073403130139826571e-04
1.910326479454671608e-04
1.933623143838265174e-04
1.933623143838265174e-04
1.933623143838265174e-04
1.817139821920297344e-04
2.189886452057794401e-04
1.910326479454671608e-04
2.189886452057794401e-04
2.073403130139826571e-04
2.446149760277323629e-04
2.399556431510136497e-04
2.050106465756233005e-04
2.166589787674200835e-04
2.166589787674200835e-04
2.213183116441387968e-04
1.747249828769516645e-04
2.446149760277323629e-04
1.933623143838265174e-04
2.236479780824981534e-04
2.096699794523420137e-04
1.840436486303890910e-04
1.840436486303890910e-04
2.283073109592168666e-04
2.399556431510136497e-04
1.887029815071078042e-04
2.329666438359355798e-04
1.956919808221858740e-04
2.119996458907013703e-04
2.026809801372639439e-04
2.166589787674200835e-04
1.863733150687484476e-04
1.863733150687484476e-04
2.119996458907013703e-04
1.840436486303890910e-04
1.956919808221858740e-04
2.189886452057794401e-04
1.677359835618736218e-04
1.980216472605452306e-04
2.073403130139826571e-04
1.723953164385923350e-04
1.980216472605452306e-04
1.840436486303890910e-04
1.887029815071078042e-04
2.026809801372639439e-04
1.910326479454671608e-04
2.096699794523420137e-04
1.863733150687484476e-04
2.119996458907013703e-04
2.026809801372639439e-04
1.956919808221858740e-04
2.166589787674200835e-04
2.259776445208575100e-04
1.444393191782800557e-04
2.143293123290607269e-04
1.956919808221858740e-04
1.887029815071078042e-04
2.376259767126542930e-04
1.887029815071078042e-04
1.374503198632019859e-04
1.910326479454671608e-04
2.003513136989045873e-04
2.073403130139826571e-04
1.956919808221858740e-04
2.096699794523420137e-04
2.259776445208575100e-04
1.980216472605452306e-04
1.910326479454671608e-04
1.910326479454671608e-04
1.817139821920297344e-04
1.956919808221858740e-04
1.770546493153110211e-04
1.863733150687484476e-04
2.026809801372639439e-04
2.119996458907013703e-04
2.026809801372639439e-04
1.933623143838265174e-04
2.096699794523420137e-04
1.817139821920297344e-04
1.793843157536703778e-04
2.096699794523420137e-04
1.910326479454671608e-04
2.259776445208575100e-04
1.933623143838265174e-04
2.446149760277323629e-04
2.026809801372639439e-04
1.887029815071078042e-04
1.887029815071078042e-04
1.607469842467955520e-04
2.073403130139826571e-04
1.956919808221858740e-04
1.910326479454671608e-04
1.770546493153110211e-04
1.654063171235142652e-04
1.607469842467955520e-04
1.910326479454671608e-04
1.840436486303890910e-04
2.143293123290607269e-04
1.910326479454671608e-04
1.887029815071078042e-04
1.980216472605452306e-04
1.863733150687484476e-04
1.840436486303890910e-04
1.700656500002329784e-04
1.770546493153110211e-04
1.747249828769516645e-04
1.723953164385923350e-04
1.723953164385923350e-04
1.723953164385923350e-04
1.747249828769516645e-04
1.444393191782800557e-04
1.863733150687484476e-04
1.770546493153110211e-04
1.933623143838265174e-04
2.096699794523420137e-04
2.003513136989045873e-04
1.770546493153110211e-04
2.003513136989045873e-04
1.700656500002329784e-04
1.723953164385923350e-04
1.910326479454671608e-04
2.119996458907013703e-04
1.677359835618736218e-04
1.700656500002329784e-04
2.003513136989045873e-04
2.096699794523420137e-04
1.700656500002329784e-04
1.840436486303890910e-04
2.143293123290607269e-04
1.654063171235142652e-04
1.887029815071078042e-04
9.085699109601486718e-05
1.700656500002329784e-04
2.003513136989045873e-04
1.677359835618736218e-04
1.770546493153110211e-04
1.560876513700768387e-04
1.770546493153110211e-04
1.887029815071078042e-04
1.817139821920297344e-04
1.840436486303890910e-04
2.073403130139826571e-04
1.607469842467955520e-04
2.539336417811697893e-04
1.351206534248426292e-04
1.700656500002329784e-04
1.747249828769516645e-04
1.700656500002329784e-04
1.537579849317174821e-04
1.956919808221858740e-04
1.677359835618736218e-04
1.887029815071078042e-04
1.723953164385923350e-04
1.956919808221858740e-04
1.654063171235142652e-04
2.050106465756233005e-04
1.537579849317174821e-04
1.933623143838265174e-04
1.770546493153110211e-04
1.560876513700768387e-04
1.700656500002329784e-04
1.258019876714052028e-04
1.584173178084361954e-04
1.887029815071078042e-04
1.817139821920297344e-04
1.770546493153110211e-04
1.956919808221858740e-04
1.747249828769516645e-04
1.654063171235142652e-04
1.840436486303890910e-04
1.490986520549987689e-04
1.933623143838265174e-04
1.770546493153110211e-04
1.840436486303890910e-04
1.421096527399206991e-04
1.817139821920297344e-04
1.770546493153110211e-04
1.770546493153110211e-04
1.840436486303890910e-04
1.793843157536703778e-04
1.700656500002329784e-04
1.840436486303890910e-04
2.003513136989045873e-04
1.654063171235142652e-04
1.793843157536703778e-04
1.933623143838265174e-04
1.607469842467955520e-04
1.770546493153110211e-04
1.723953164385923350e-04
1.793843157536703778e-04
1.793843157536703778e-04
1.793843157536703778e-04
1.654063171235142652e-04
1.887029815071078042e-04
1.887029815071078042e-04
1.723953164385923350e-04
1.700656500002329784e-04
1.793843157536703778e-04
1.793843157536703778e-04
1.514283184933581255e-04
1.677359835618736218e-04
1.584173178084361954e-04
1.397799863015613425e-04
1.537579849317174821e-04
1.607469842467955520e-04
1.747249828769516645e-04
1.467689856166394123e-04
1.467689856166394123e-04
1.677359835618736218e-04
1.723953164385923350e-04
1.630766506851549086e-04
1.537579849317174821e-04
1.747249828769516645e-04
1.747249828769516645e-04
1.560876513700768387e-04
1.444393191782800557e-04
1.444393191782800557e-04
1.793843157536703778e-04
1.700656500002329784e-04
1.910326479454671608e-04
1.817139821920297344e-04
1.537579849317174821e-04
1.840436486303890910e-04
2.096699794523420137e-04
1.560876513700768387e-04
1.514283184933581255e-04
1.677359835618736218e-04
1.677359835618736218e-04
1.630766506851549086e-04
1.723953164385923350e-04
1.677359835618736218e-04
1.397799863015613425e-04
1.770546493153110211e-04
1.723953164385923350e-04
1.817139821920297344e-04
1.654063171235142652e-04
1.584173178084361954e-04
1.374503198632019859e-04
1.747249828769516645e-04
1.188129883563271465e-04
1.700656500002329784e-04
1.887029815071078042e-04
1.514283184933581255e-04
1.421096527399206991e-04
1.584173178084361954e-04
1.514283184933581255e-04
1.607469842467955520e-04
1.584173178084361954e-04
1.490986520549987689e-04
1.793843157536703778e-04
1.374503198632019859e-04
1.700656500002329784e-04
1.444393191782800557e-04
1.490986520549987689e-04
1.956919808221858740e-04
1.490986520549987689e-04
1.444393191782800557e-04
1.560876513700768387e-04
1.490986520549987689e-04
1.654063171235142652e-04
1.933623143838265174e-04
1.607469842467955520e-04
1.747249828769516645e-04
1.863733150687484476e-04
1.770546493153110211e-04
1.723953164385923350e-04
1.048349897261710069e-04
1.490986520549987689e-04
1.630766506851549086e-04
1.560876513700768387e-04
1.560876513700768387e-04
1.467689856166394123e-04
1.700656500002329784e-04
1.537579849317174821e-04
1.677359835618736218e-04
1.327909869864832726e-04
1.770546493153110211e-04
8.619765821929616751e-05
1.700656500002329784e-04
1.654063171235142652e-04
1.560876513700768387e-04
1.444393191782800557e-04
1.584173178084361954e-04
1.607469842467955520e-04
1.980216472605452306e-04
1.514283184933581255e-04
1.467689856166394123e-04
1.397799863015613425e-04
1.537579849317174821e-04
1.630766506851549086e-04
1.444393191782800557e-04
1.537579849317174821e-04
1.421096527399206991e-04
1.397799863015613425e-04
1.397799863015613425e-04
1.770546493153110211e-04
1.444393191782800557e-04
1.421096527399206991e-04
1.421096527399206991e-04
1.421096527399206991e-04
1.747249828769516645e-04
1.630766506851549086e-04
1.281316541097645594e-04
1.421096527399206991e-04
1.514283184933581255e-04
9.318665753437422380e-05
1.607469842467955520e-04
1.560876513700768387e-04
1.444393191782800557e-04
1.490986520549987689e-04
1.747249828769516645e-04
1.304613205481239160e-04
1.374503198632019859e-04
1.700656500002329784e-04
1.654063171235142652e-04
1.677359835618736218e-04
1.421096527399206991e-04
1.421096527399206991e-04
1.654063171235142652e-04
1.770546493153110211e-04
1.421096527399206991e-04
8.619765821929616751e-05
1.537579849317174821e-04
1.001756568494522936e-04
1.537579849317174821e-04
1.723953164385923350e-04
1.537579849317174821e-04
1.910326479454671608e-04
1.258019876714052028e-04
1.397799863015613425e-04
2.050106465756233005e-04
1.327909869864832726e-04
1.630766506851549086e-04
1.281316541097645594e-04
1.258019876714052028e-04
1.467689856166394123e-04
1.723953164385923350e-04
1.397799863015613425e-04
1.397799863015613425e-04
1.677359835618736218e-04
1.630766506851549086e-04
1.397799863015613425e-04
1.514283184933581255e-04
1.956919808221858740e-04
1.490986520549987689e-04
1.421096527399206991e-04
1.397799863015613425e-04
1.467689856166394123e-04
1.397799863015613425e-04
1.374503198632019859e-04
1.584173178084361954e-04
1.490986520549987689e-04
1.421096527399206991e-04
1.770546493153110211e-04
1.630766506851549086e-04
1.490986520549987689e-04
1.281316541097645594e-04
1.094943226028897201e-04
1.351206534248426292e-04
1.304613205481239160e-04
1.118239890412490767e-04
1.141536554796084333e-04
1.537579849317174821e-04
1.351206534248426292e-04
1.141536554796084333e-04
9.784599041109293702e-05
1.351206534248426292e-04
1.141536554796084333e-04
1.304613205481239160e-04
1.444393191782800557e-04
1.537579849317174821e-04
1.351206534248426292e-04
1.258019876714052028e-04
1.397799863015613425e-04
1.374503198632019859e-04
1.514283184933581255e-04
1.351206534248426292e-04
1.933623143838265174e-04
1.584173178084361954e-04
1.211426547946865031e-04
1.188129883563271465e-04
1.467689856166394123e-04
1.374503198632019859e-04
1.374503198632019859e-04
1.584173178084361954e-04
1.467689856166394123e-04
1.537579849317174821e-04
1.584173178084361954e-04
1.490986520549987689e-04
1.048349897261710069e-04
1.397799863015613425e-04
1.397799863015613425e-04
1.630766506851549086e-04
1.304613205481239160e-04
1.444393191782800557e-04
1.514283184933581255e-04
1.374503198632019859e-04
1.048349897261710069e-04
1.211426547946865031e-04
1.281316541097645594e-04
1.514283184933581255e-04
1.490986520549987689e-04
1.351206534248426292e-04
1.304613205481239160e-04
1.327909869864832726e-04
1.490986520549987689e-04
1.327909869864832726e-04
1.537579849317174821e-04
1.537579849317174821e-04
1.421096527399206991e-04
1.490986520549987689e-04
1.327909869864832726e-04
1.537579849317174821e-04
1.281316541097645594e-04
1.421096527399206991e-04
1.374503198632019859e-04
1.397799863015613425e-04
1.770546493153110211e-04
1.467689856166394123e-04
1.281316541097645594e-04
1.258019876714052028e-04
1.258019876714052028e-04
1.304613205481239160e-04
1.281316541097645594e-04
1.537579849317174821e-04
1.211426547946865031e-04
1.048349897261710069e-04
1.304613205481239160e-04
1.537579849317174821e-04
1.397799863015613425e-04
8.619765821929616751e-05
1.304613205481239160e-04
1.188129883563271465e-04
1.211426547946865031e-04
1.351206534248426292e-04
1.560876513700768387e-04
1.444393191782800557e-04
7.920865890421809768e-05
1.560876513700768387e-04
1.327909869864832726e-04
1.490986520549987689e-04
1.281316541097645594e-04
1.351206534248426292e-04
1.467689856166394123e-04
1.258019876714052028e-04
1.071646561645303635e-04
1.490986520549987689e-04
1.188129883563271465e-04
1.304613205481239160e-04
1.351206534248426292e-04
5.591199452062453834e-05
1.444393191782800557e-04
1.444393191782800557e-04
9.784599041109293702e-05
1.327909869864832726e-04
1.560876513700768387e-04
1.397799863015613425e-04
1.421096527399206991e-04
1.444393191782800557e-04
1.141536554796084333e-04
1.514283184933581255e-04
1.327909869864832726e-04
1.281316541097645594e-04
1.304613205481239160e-04
1.560876513700768387e-04
1.258019876714052028e-04
1.211426547946865031e-04
1.887029815071078042e-04
1.304613205481239160e-04
9.318665753437422380e-05
1.467689856166394123e-04
1.397799863015613425e-04
1.211426547946865031e-04
1.351206534248426292e-04
1.351206534248426292e-04
1.211426547946865031e-04
1.514283184933581255e-04
1.048349897261710069e-04
1.351206534248426292e-04
1.444393191782800557e-04
1.188129883563271465e-04
1.258019876714052028e-04
1.141536554796084333e-04
1.281316541097645594e-04
9.085699109601486718e-05
1.281316541097645594e-04
1.258019876714052028e-04
1.211426547946865031e-04
1.490986520549987689e-04
1.327909869864832726e-04
1.514283184933581255e-04
1.327909869864832726e-04
1.304613205481239160e-04
1.397799863015613425e-04
1.467689856166394123e-04
1.374503198632019859e-04
1.351206534248426292e-04
1.071646561645303635e-04
1.281316541097645594e-04
1.490986520549987689e-04
1.467689856166394123e-04
1.397799863015613425e-04
1.770546493153110211e-04
1.560876513700768387e-04
1.281316541097645594e-04
1.421096527399206991e-04
1.444393191782800557e-04
1.048349897261710069e-04
1.211426547946865031e-04
1.374503198632019859e-04
1.467689856166394123e-04
1.211426547946865031e-04
1.258019876714052028e-04
1.188129883563271465e-04
1.258019876714052028e-04
1.607469842467955520e-04
1.397799863015613425e-04
8.153832534257745429e-05
1.164833219179677899e-04
7.221965958914002785e-05
1.397799863015613425e-04
1.048349897261710069e-04
1.188129883563271465e-04
1.258019876714052028e-04
1.048349897261710069e-04
1.071646561645303635e-04
1.467689856166394123e-04
1.444393191782800557e-04
1.327909869864832726e-04
1.141536554796084333e-04
1.374503198632019859e-04
1.304613205481239160e-04
1.351206534248426292e-04
1.421096527399206991e-04
1.141536554796084333e-04
1.258019876714052028e-04
1.304613205481239160e-04
1.234723212330458462e-04
1.351206534248426292e-04
1.327909869864832726e-04
1.304613205481239160e-04
1.374503198632019859e-04
1.258019876714052028e-04
1.118239890412490767e-04
1.094943226028897201e-04
1.351206534248426292e-04
1.141536554796084333e-04
1.118239890412490767e-04
1.281316541097645594e-04
1.560876513700768387e-04
1.444393191782800557e-04
1.118239890412490767e-04
1.258019876714052028e-04
1.327909869864832726e-04
1.258019876714052028e-04
1.048349897261710069e-04
1.118239890412490767e-04
1.188129883563271465e-04
1.281316541097645594e-04
1.327909869864832726e-04
1.188129883563271465e-04
1.281316541097645594e-04
1.281316541097645594e-04
1.071646561645303635e-04
1.258019876714052028e-04
1.141536554796084333e-04
1.258019876714052028e-04
1.421096527399206991e-04
1.164833219179677899e-04
1.281316541097645594e-04
1.211426547946865031e-04
8.153832534257745429e-05
1.351206534248426292e-04
1.211426547946865031e-04
1.327909869864832726e-04
1.281316541097645594e-04
1.211426547946865031e-04
1.211426547946865031e-04
1.071646561645303635e-04
1.164833219179677899e-04
1.374503198632019859e-04
1.048349897261710069e-04
1.164833219179677899e-04
1.141536554796084333e-04
1.537579849317174821e-04
1.281316541097645594e-04
1.048349897261710069e-04
1.281316541097645594e-04
1.141536554796084333e-04
1.071646561645303635e-04
1.584173178084361954e-04
1.211426547946865031e-04
1.374503198632019859e-04
1.141536554796084333e-04
1.118239890412490767e-04
1.304613205481239160e-04
1.118239890412490767e-04
1.421096527399206991e-04
8.386799178093681090e-05
1.094943226028897201e-04
1.281316541097645594e-04
1.141536554796084333e-04
1.048349897261710069e-04
1.211426547946865031e-04
1.351206534248426292e-04
1.351206534248426292e-04
1.234723212330458462e-04
1.048349897261710069e-04
7.687899246585874107e-05
1.281316541097645594e-04
1.094943226028897201e-04
1.164833219179677899e-04
1.304613205481239160e-04
1.444393191782800557e-04
1.351206534248426292e-04
9.318665753437422380e-05
1.234723212330458462e-04
1.188129883563271465e-04
1.188129883563271465e-04
1.094943226028897201e-04
1.188129883563271465e-04
1.094943226028897201e-04
1.025053232878116502e-04
1.188129883563271465e-04
1.188129883563271465e-04
1.048349897261710069e-04
9.318665753437422380e-05
1.164833219179677899e-04
1.351206534248426292e-04
1.421096527399206991e-04
1.025053232878116502e-04
1.327909869864832726e-04
9.784599041109293702e-05
1.188129883563271465e-04
8.153832534257745429e-05
1.141536554796084333e-04
9.784599041109293702e-05
9.784599041109293702e-05
1.211426547946865031e-04
1.514283184933581255e-04
1.071646561645303635e-04
1.118239890412490767e-04
9.784599041109293702e-05
1.094943226028897201e-04
1.141536554796084333e-04
1.118239890412490767e-04
1.118239890412490767e-04
9.085699109601486718e-05
1.164833219179677899e-04
1.164833219179677899e-04
1.071646561645303635e-04
1.351206534248426292e-04
1.094943226028897201e-04
9.784599041109293702e-05
1.374503198632019859e-04
1.374503198632019859e-04
1.258019876714052028e-04
1.048349897261710069e-04
1.281316541097645594e-04
1.281316541097645594e-04
1.234723212330458462e-04
1.444393191782800557e-04
1.094943226028897201e-04
1.164833219179677899e-04
1.048349897261710069e-04
1.211426547946865031e-04
1.118239890412490767e-04
1.071646561645303635e-04
8.386799178093681090e-05
1.211426547946865031e-04
1.234723212330458462e-04
1.188129883563271465e-04
1.094943226028897201e-04
1.164833219179677899e-04
9.784599041109293702e-05
1.071646561645303635e-04
1.234723212330458462e-04
1.094943226028897201e-04
9.784599041109293702e-05
1.118239890412490767e-04
1.048349897261710069e-04
1.071646561645303635e-04
1.211426547946865031e-04
1.234723212330458462e-04
8.153832534257745429e-05
9.318665753437422380e-05
1.188129883563271465e-04
1.188129883563271465e-04
1.234723212330458462e-04
1.281316541097645594e-04
1.258019876714052028e-04
9.784599041109293702e-05
1.071646561645303635e-04
1.258019876714052028e-04
1.118239890412490767e-04
9.784599041109293702e-05
1.048349897261710069e-04
1.211426547946865031e-04
1.048349897261710069e-04
1.211426547946865031e-04
1.188129883563271465e-04
1.188129883563271465e-04
1.048349897261710069e-04
1.025053232878116502e-04
1.118239890412490767e-04
1.234723212330458462e-04
1.258019876714052028e-04
8.153832534257745429e-05
1.164833219179677899e-04
9.784599041109293702e-05
1.421096527399206991e-04
1.164833219179677899e-04
1.211426547946865031e-04
8.852732465765551057e-05
1.094943226028897201e-04
1.025053232878116502e-04
1.211426547946865031e-04
9.784599041109293702e-05
1.048349897261710069e-04
1.164833219179677899e-04
1.048349897261710069e-04
9.318665753437422380e-05
1.258019876714052028e-04
1.258019876714052028e-04
1.141536554796084333e-04
1.234723212330458462e-04
1.001756568494522936e-04
1.118239890412490767e-04
1.281316541097645594e-04
1.164833219179677899e-04
1.071646561645303635e-04
1.118239890412490767e-04
1.188129883563271465e-04
1.141536554796084333e-04
9.784599041109293702e-05
1.094943226028897201e-04
1.071646561645303635e-04
1.141536554796084333e-04
1.141536554796084333e-04
1.048349897261710069e-04
1.188129883563271465e-04
1.094943226028897201e-04
1.141536554796084333e-04
8.852732465765551057e-05
1.118239890412490767e-04
1.025053232878116502e-04
1.001756568494522936e-04
1.281316541097645594e-04
1.071646561645303635e-04
1.211426547946865031e-04
1.118239890412490767e-04
1.164833219179677899e-04
9.318665753437422380e-05
9.551632397273358041e-05
1.164833219179677899e-04
1.281316541097645594e-04
1.164833219179677899e-04
8.852732465765551057e-05
1.118239890412490767e-04
1.188129883563271465e-04
1.071646561645303635e-04
1.025053232878116502e-04
1.141536554796084333e-04
1.141536554796084333e-04
1.164833219179677899e-04
1.025053232878116502e-04
1.025053232878116502e-04
1.118239890412490767e-04
1.351206534248426292e-04
1.141536554796084333e-04
8.153832534257745429e-05
1.094943226028897201e-04
8.619765821929616751e-05
1.118239890412490767e-04
9.318665753437422380e-05
1.164833219179677899e-04
1.234723212330458462e-04
9.318665753437422380e-05
1.327909869864832726e-04
1.094943226028897201e-04
1.048349897261710069e-04
1.141536554796084333e-04
1.001756568494522936e-04
8.619765821929616751e-05
1.001756568494522936e-04
1.118239890412490767e-04
1.048349897261710069e-04
1.001756568494522936e-04
1.094943226028897201e-04
9.784599041109293702e-05
1.001756568494522936e-04
9.784599041109293702e-05
1.048349897261710069e-04
1.048349897261710069e-04
1.188129883563271465e-04
1.141536554796084333e-04
1.025053232878116502e-04
1.071646561645303635e-04
1.094943226028897201e-04
1.071646561645303635e-04
9.784599041109293702e-05
1.094943226028897201e-04
1.327909869864832726e-04
1.071646561645303635e-04
1.001756568494522936e-04
1.025053232878116502e-04
1.094943226028897201e-04
7.687899246585874107e-05
5.358232808226518173e-05
1.048349897261710069e-04
9.318665753437422380e-05
1.025053232878116502e-04
1.094943226028897201e-04
9.551632397273358041e-05
9.551632397273358041e-05
1.164833219179677899e-04
9.551632397273358041e-05
1.025053232878116502e-04
1.397799863015613425e-04
1.001756568494522936e-04
1.001756568494522936e-04
1.188129883563271465e-04
1.118239890412490767e-04
1.025053232878116502e-04
8.153832534257745429e-05
7.920865890421809768e-05
6.523066027406195801e-05
1.001756568494522936e-04
1.164833219179677899e-04
9.784599041109293702e-05
9.551632397273358041e-05
8.386799178093681090e-05
1.071646561645303635e-04
5.358232808226518173e-05
1.118239890412490767e-04
9.085699109601486718e-05
1.118239890412490767e-04
8.619765821929616751e-05
1.258019876714052028e-04
8.386799178093681090e-05
1.118239890412490767e-04
8.386799178093681090e-05
1.025053232878116502e-04
9.318665753437422380e-05
1.048349897261710069e-04
1.164833219179677899e-04
1.001756568494522936e-04
1.188129883563271465e-04
1.071646561645303635e-04
1.094943226028897201e-04
9.551632397273358041e-05
9.085699109601486718e-05
9.085699109601486718e-05
7.454932602749938446e-05
9.085699109601486718e-05
1.094943226028897201e-04
9.784599041109293702e-05
9.784599041109293702e-05
9.784599041109293702e-05
9.318665753437422380e-05
1.327909869864832726e-04
1.048349897261710069e-04
8.852732465765551057e-05
6.523066027406195801e-05
1.048349897261710069e-04
1.071646561645303635e-04
7.920865890421809768e-05
8.852732465765551057e-05
8.852732465765551057e-05
9.085699109601486718e-05
8.619765821929616751e-05
7.221965958914002785e-05
1.048349897261710069e-04
9.784599041109293702e-05
9.551632397273358041e-05
1.141536554796084333e-04
9.318665753437422380e-05
9.318665753437422380e-05
9.085699109601486718e-05
8.619765821929616751e-05
8.852732465765551057e-05
7.920865890421809768e-05
1.164833219179677899e-04
9.318665753437422380e-05
9.784599041109293702e-05
9.784599041109293702e-05
8.153832534257745429e-05
9.085699109601486718e-05
8.852732465765551057e-05
9.318665753437422380e-05
8.386799178093681090e-05
7.920865890421809768e-05
1.048349897261710069e-04
1.071646561645303635e-04
9.551632397273358041e-05
8.386799178093681090e-05
9.085699109601486718e-05
1.094943226028897201e-04
6.057132739734325157e-05
1.001756568494522936e-04
8.619765821929616751e-05
9.318665753437422380e-05
9.318665753437422380e-05
1.001756568494522936e-04
9.318665753437422380e-05
1.071646561645303635e-04
9.085699109601486718e-05
8.619765821929616751e-05
1.001756568494522936e-04
1.071646561645303635e-04
9.085699109601486718e-05
1.094943226028897201e-04
1.071646561645303635e-04
9.551632397273358041e-05
9.551632397273358041e-05
8.386799178093681090e-05
1.118239890412490767e-04
1.071646561645303635e-04
9.318665753437422380e-05
1.001756568494522936e-04
8.619765821929616751e-05
9.318665753437422380e-05
9.085699109601486718e-05
6.756032671242131462e-05
9.318665753437422380e-05
1.071646561645303635e-04
1.048349897261710069e-04
1.094943226028897201e-04
1.025053232878116502e-04
9.551632397273358041e-05
7.920865890421809768e-05
1.025053232878116502e-04
1.071646561645303635e-04
8.386799178093681090e-05
9.085699109601486718e-05
9.784599041109293702e-05
8.619765821929616751e-05
8.386799178093681090e-05
9.085699109601486718e-05
1.048349897261710069e-04
1.001756568494522936e-04
8.852732465765551057e-05
9.551632397273358041e-05
9.318665753437422380e-05
1.141536554796084333e-04
9.318665753437422380e-05
1.025053232878116502e-04
7.920865890421809768e-05
1.025053232878116502e-04
7.454932602749938446e-05
7.687899246585874107e-05
8.619765821929616751e-05
9.784599041109293702e-05
1.025053232878116502e-04
8.619765821929616751e-05
6.988999315078067123e-05
9.551632397273358041e-05
7.454932602749938446e-05
8.153832534257745429e-05
8.153832534257745429e-05
9.551632397273358041e-05
1.118239890412490767e-04
8.386799178093681090e-05
1.071646561645303635e-04
1.025053232878116502e-04
9.318665753437422380e-05
8.852732465765551057e-05
8.619765821929616751e-05
1.025053232878116502e-04
2.795599726031226917e-05
1.118239890412490767e-04
6.523066027406195801e-05
1.001756568494522936e-04
8.619765821929616751e-05
9.551632397273358041e-05
9.551632397273358041e-05
1.094943226028897201e-04
9.551632397273358041e-05
7.687899246585874107e-05
1.001756568494522936e-04
8.852732465765551057e-05
1.025053232878116502e-04
9.784599041109293702e-05
1.211426547946865031e-04
1.188129883563271465e-04
7.920865890421809768e-05
1.094943226028897201e-04
8.153832534257745429e-05
1.025053232878116502e-04
8.386799178093681090e-05
1.234723212330458462e-04
1.001756568494522936e-04
1.025053232878116502e-04
9.784599041109293702e-05
9.784599041109293702e-05
8.852732465765551057e-05
5.591199452062453834e-05
9.085699109601486718e-05
1.001756568494522936e-04
8.619765821929616751e-05
7.687899246585874107e-05
9.085699109601486718e-05
8.153832534257745429e-05
8.619765821929616751e-05
9.551632397273358041e-05
9.318665753437422380e-05
8.852732465765551057e-05
7.221965958914002785e-05
8.619765821929616751e-05
1.141536554796084333e-04
1.118239890412490767e-04
1.001756568494522936e-04
7.687899246585874107e-05
1.001756568494522936e-04
9.318665753437422380e-05
9.085699109601486718e-05
1.001756568494522936e-04
5.591199452062453834e-05
9.318665753437422380e-05
9.085699109601486718e-05
8.852732465765551057e-05
8.386799178093681090e-05
1.025053232878116502e-04
8.619765821929616751e-05
9.551632397273358041e-05
8.386799178093681090e-05
9.784599041109293702e-05
1.211426547946865031e-04
1.164833219179677899e-04
1.025053232878116502e-04
8.619765821929616751e-05
8.852732465765551057e-05
6.290099383570260140e-05
8.153832534257745429e-05
1.025053232878116502e-04
9.318665753437422380e-05
9.085699109601486718e-05
6.523066027406195801e-05
8.852732465765551057e-05
8.153832534257745429e-05
8.153832534257745429e-05
9.318665753437422380e-05
8.386799178093681090e-05
9.318665753437422380e-05
8.619765821929616751e-05
8.619765821929616751e-05
1.071646561645303635e-04
7.920865890421809768e-05
8.619765821929616751e-05
7.454932602749938446e-05
8.386799178093681090e-05
8.153832534257745429e-05
7.454932602749938446e-05
8.153832534257745429e-05
5.125266164390582512e-05
8.852732465765551057e-05
7.221965958914002785e-05
8.852732465765551057e-05
7.920865890421809768e-05
9.784599041109293702e-05
7.920865890421809768e-05
9.085699109601486718e-05
1.071646561645303635e-04
6.523066027406195801e-05
7.687899246585874107e-05
7.920865890421809768e-05
9.085699109601486718e-05
6.057132739734325157e-05
9.085699109601486718e-05
9.318665753437422380e-05
8.153832534257745429e-05
7.221965958914002785e-05
7.687899246585874107e-05
7.920865890421809768e-05
8.386799178093681090e-05
8.153832534257745429e-05
9.085699109601486718e-05
8.619765821929616751e-05
1.048349897261710069e-04
7.454932602749938446e-05
8.153832534257745429e-05
9.318665753437422380e-05
8.852732465765551057e-05
7.920865890421809768e-05
7.687899246585874107e-05
8.852732465765551057e-05
7.221965958914002785e-05
9.085699109601486718e-05
7.687899246585874107e-05
7.920865890421809768e-05
6.756032671242131462e-05
8.386799178093681090e-05
7.221965958914002785e-05
8.153832534257745429e-05
7.920865890421809768e-05
6.988999315078067123e-05
7.221965958914002785e-05
8.386799178093681090e-05
9.318665753437422380e-05
4.892299520554646851e-05
7.221965958914002785e-05
6.057132739734325157e-05
8.619765821929616751e-05
5.824166095898389495e-05
7.454932602749938446e-05
7.920865890421809768e-05
8.619765821929616751e-05
6.523066027406195801e-05
7.454932602749938446e-05
9.085699109601486718e-05
9.085699109601486718e-05
6.290099383570260140e-05
7.687899246585874107e-05
1.141536554796084333e-04
7.687899246585874107e-05
7.687899246585874107e-05
1.001756568494522936e-04
6.756032671242131462e-05
9.318665753437422380e-05
4.659332876718711190e-05
7.454932602749938446e-05
9.551632397273358041e-05
8.153832534257745429e-05
6.523066027406195801e-05
8.386799178093681090e-05
8.153832534257745429e-05
5.591199452062453834e-05
1.025053232878116502e-04
8.852732465765551057e-05
8.386799178093681090e-05
4.892299520554646851e-05
7.221965958914002785e-05
8.852732465765551057e-05
7.687899246585874107e-05
7.920865890421809768e-05
8.386799178093681090e-05
6.988999315078067123e-05
6.290099383570260140e-05
7.454932602749938446e-05
8.386799178093681090e-05
7.920865890421809768e-05
8.619765821929616751e-05
6.290099383570260140e-05
8.852732465765551057e-05
8.619765821929616751e-05
7.454932602749938446e-05
8.153832534257745429e-05
6.756032671242131462e-05
8.153832534257745429e-05
6.988999315078067123e-05
6.756032671242131462e-05
1.048349897261710069e-04
9.318665753437422380e-05
6.756032671242131462e-05
8.852732465765551057e-05
6.756032671242131462e-05
7.920865890421809768e-05
7.454932602749938446e-05
7.920865890421809768e-05
6.756032671242131462e-05
6.290099383570260140e-05
6.756032671242131462e-05
6.523066027406195801e-05
5.824166095898389495e-05
8.386799178093681090e-05
5.591199452062453834e-05
7.221965958914002785e-05
9.085699109601486718e-05
7.454932602749938446e-05
6.988999315078067123e-05
9.318665753437422380e-05
8.619765821929616751e-05
7.687899246585874107e-05
9.784599041109293702e-05
6.988999315078067123e-05
9.318665753437422380e-05
9.318665753437422380e-05
9.551632397273358041e-05
9.551632397273358041e-05
8.619765821929616751e-05
1.025053232878116502e-04
6.290099383570260140e-05
8.386799178093681090e-05
8.619765821929616751e-05
9.085699109601486718e-05
6.756032671242131462e-05
7.221965958914002785e-05
8.153832534257745429e-05
8.852732465765551057e-05
7.920865890421809768e-05
6.523066027406195801e-05
8.153832534257745429e-05
7.687899246585874107e-05
8.386799178093681090e-05
7.454932602749938446e-05
1.118239890412490767e-04
6.756032671242131462e-05
6.057132739734325157e-05
8.153832534257745429e-05
4.426366232882775529e-05
7.221965958914002785e-05
6.756032671242131462e-05
8.153832534257745429e-05
9.551632397273358041e-05
7.920865890421809768e-05
7.454932602749938446e-05
6.756032671242131462e-05
6.988999315078067123e-05
6.988999315078067123e-05
7.454932602749938446e-05
3.960432945210904884e-05
7.687899246585874107e-05
7.687899246585874107e-05
7.454932602749938446e-05
6.988999315078067123e-05
6.988999315078067123e-05
9.551632397273358041e-05
7.687899246585874107e-05
8.619765821929616751e-05
7.687899246585874107e-05
6.523066027406195801e-05
8.153832534257745429e-05
7.454932602749938446e-05
8.386799178093681090e-05
7.920865890421809768e-05
7.687899246585874107e-05
5.824166095898389495e-05
7.454932602749938446e-05
7.454932602749938446e-05
8.153832534257745429e-05
7.454932602749938446e-05
8.852732465765551057e-05
7.687899246585874107e-05
6.756032671242131462e-05
7.454932602749938446e-05
7.454932602749938446e-05
6.756032671242131462e-05
8.852732465765551057e-05
8.852732465765551057e-05
6.756032671242131462e-05
5.125266164390582512e-05
9.085699109601486718e-05
7.221965958914002785e-05
6.988999315078067123e-05
6.756032671242131462e-05
8.619765821929616751e-05
5.358232808226518173e-05
8.852732465765551057e-05
5.358232808226518173e-05
6.988999315078067123e-05
5.358232808226518173e-05
7.687899246585874107e-05
8.386799178093681090e-05
8.153832534257745429e-05
9.318665753437422380e-05
1.071646561645303635e-04
6.756032671242131462e-05
6.988999315078067123e-05
6.988999315078067123e-05
1.071646561645303635e-04
1.071646561645303635e-04
5.824166095898389495e-05
5.824166095898389495e-05
6.756032671242131462e-05
6.756032671242131462e-05
7.687899246585874107e-05
6.988999315078067123e-05
6.290099383570260140e-05
7.687899246585874107e-05
6.756032671242131462e-05
8.153832534257745429e-05
1.071646561645303635e-04
6.988999315078067123e-05
6.988999315078067123e-05
4.193399589046840545e-05
8.153832534257745429e-05
6.756032671242131462e-05
7.454932602749938446e-05
7.221965958914002785e-05
9.085699109601486718e-05
6.057132739734325157e-05
7.687899246585874107e-05
7.221965958914002785e-05
9.085699109601486718e-05
7.221965958914002785e-05
5.591199452062453834e-05
6.756032671242131462e-05
6.290099383570260140e-05
7.687899246585874107e-05
7.687899246585874107e-05
5.591199452062453834e-05
6.057132739734325157e-05
7.221965958914002785e-05
6.290099383570260140e-05
5.125266164390582512e-05
7.454932602749938446e-05
6.290099383570260140e-05
6.756032671242131462e-05
6.523066027406195801e-05
6.988999315078067123e-05
8.852732465765551057e-05
7.687899246585874107e-05
8.852732465765551057e-05
8.619765821929616751e-05
7.221965958914002785e-05
8.153832534257745429e-05
7.221965958914002785e-05
6.988999315078067123e-05
6.988999315078067123e-05
7.221965958914002785e-05
6.988999315078067123e-05
6.523066027406195801e-05
7.920865890421809768e-05
8.153832534257745429e-05
5.125266164390582512e-05
7.687899246585874107e-05
8.153832534257745429e-05
8.619765821929616751e-05
6.523066027406195801e-05
7.454932602749938446e-05
8.619765821929616751e-05
8.153832534257745429e-05
6.523066027406195801e-05
9.318665753437422380e-05
7.221965958914002785e-05
6.988999315078067123e-05
5.125266164390582512e-05
7.454932602749938446e-05
7.221965958914002785e-05
7.687899246585874107e-05
7.454932602749938446e-05
7.454932602749938446e-05
7.920865890421809768e-05
7.687899246585874107e-05
7.221965958914002785e-05
7.454932602749938446e-05
7.687899246585874107e-05
6.290099383570260140e-05
7.221965958914002785e-05
8.386799178093681090e-05
7.687899246585874107e-05
7.687899246585874107e-05
6.057132739734325157e-05
9.318665753437422380e-05
8.619765821929616751e-05
7.687899246585874107e-05
6.756032671242131462e-05
6.057132739734325157e-05
6.756032671242131462e-05
7.221965958914002785e-05
6.988999315078067123e-05
7.454932602749938446e-05
1.025053232878116502e-04
4.892299520554646851e-05
1.001756568494522936e-04
6.988999315078067123e-05
7.687899246585874107e-05
8.153832534257745429e-05
7.687899246585874107e-05
7.687899246585874107e-05
7.687899246585874107e-05
8.386799178093681090e-05
6.988999315078067123e-05
7.221965958914002785e-05
