2.147194825432747339e-02
1.014083624702920468e-02
8.006953716283677150e-03
3.672627181356523038e-03
6.311593834058330972e-03
6.288101549316178415e-03
6.710962674674925306e-03
1.613136885627811795e-03
4.866818322415946557e-03
5.082164265885679051e-03
5.007772030868861898e-03
3.758765558744415602e-03
5.187879547225365123e-03
5.575502245470883612e-03
4.107234449086345773e-03
3.179289201771318477e-03
4.369564962040383381e-03
1.354721753464133236e-03
9.161991049439513436e-04
1.362552515044850683e-03
9.475221512668214555e-04
2.544997513733198357e-04
2.905212546446204590e-03
1.765836736451803632e-03
2.936535592769074811e-03
6.773608767320666180e-04
8.574683930885698430e-04
3.285004483111004982e-03
3.112727728335219421e-03
1.476098557965254852e-03
2.627220510330732089e-03
7.517531117488831204e-04
4.467449481799352223e-03
1.816736686726467577e-03
3.335904433385668711e-03
1.252921852914805128e-03
1.515252365868842519e-03
4.592741667090833105e-03
3.253681436788134762e-03
4.083742164344193216e-03
2.893466404075128312e-03
1.260752614495522792e-03
3.739188654792621660e-03
1.624883027998888074e-03
2.971774019882303646e-03
1.699275263015704576e-03
1.241175710543728850e-03
2.098644103632298693e-03
2.760343457202930201e-03
1.793244401984315020e-03
3.050081635689478980e-03
3.707865608469751873e-03
2.709443506928266472e-03
3.324158291014592433e-03
1.750175213290368521e-03
3.719611750840828152e-03
2.501928325039251642e-03
6.068840225056087306e-04
2.153459434697321470e-03
2.905212546446204590e-03
1.202021902640141183e-03
2.188697861810550305e-03
2.670289699024678588e-03
2.682035841395754867e-03
1.554406173772430186e-03
1.945944252808306857e-03
9.357760088957451771e-04
1.119798906042607234e-03
9.357760088957451771e-04
2.028167249405841022e-03
2.071236438099787521e-03
9.984221015414854010e-04
2.936535592769074811e-03
1.350806372673774404e-03
1.480013938755613684e-03
2.736851172460777644e-03
2.834735692219746920e-03
2.454943755554946528e-03
2.932620211978716196e-03
1.985098060711894524e-03
1.472183177174896237e-03
1.378214038206285793e-03
2.807328026687235314e-03
2.149544053906962855e-03
2.635051271911449753e-03
1.589644600885659238e-03
2.329651570263466080e-03
1.644459931950681799e-03
1.319483326350904184e-03
1.229429568172652571e-03
1.014083624702920511e-03
1.252921852914805128e-03
1.292075660818392795e-03
2.560659036894633034e-03
9.514375320571801789e-04
1.526998508239918798e-03
6.969377806838604516e-04
1.088475859719737013e-03
1.699275263015704576e-03
2.357059235795977252e-03
1.014083624702920511e-03
1.722767547757857133e-03
6.342916880381201192e-04
6.147147840863262857e-04
7.321762077970892868e-04
1.174614237107629794e-03
1.436944750061667185e-03
1.797159782774673852e-03
3.837073174551591153e-04
2.494097563458533978e-03
2.098644103632298693e-03
1.444775511642384849e-03
1.742344451709651075e-03
2.255259335246649361e-03
1.002337482331844233e-03
1.139375809994400959e-03
1.797159782774673852e-03
7.086839230549367300e-04
1.417367846109873460e-03
2.298328523940595860e-03
1.456521654013461127e-03
1.965521156760100582e-03
1.342975611093056958e-03
2.584151321636785591e-04
2.106474865213016356e-03
1.773667498032521078e-03
1.205937283430500015e-03
1.973351918340818245e-03
1.624883027998888074e-03
1.292075660818392795e-04
1.746259832500009690e-03
1.307737183979827906e-03
1.170698856317271179e-03
1.648375312741040630e-03
8.143992043946234527e-04
1.632713789579605520e-03
8.574683930885698430e-04
1.605306124047094132e-03
4.620149332623344493e-04
1.754090594080727353e-03
1.519167746659201351e-03
1.049322051816149346e-03
1.855890494630055244e-03
1.832398209887902687e-03
1.969436537550459630e-03
1.256837233705163960e-03
1.828482829097543855e-03
1.519167746659201351e-03
1.358637134254491851e-03
6.068840225056087306e-04
7.086839230549367300e-04
1.581813839304941575e-03
1.041491290235431900e-03
1.977267299131176860e-03
6.264609264574025642e-04
1.350806372673774404e-03
7.830761580717532323e-04
1.072814336558301903e-03
1.135460429204042344e-03
1.996844203082970856e-04
1.926367348856513131e-03
1.417367846109873460e-03
1.092391240510095845e-03
1.667952216692834356e-03
3.758765558744415602e-04
1.609221504837452963e-03
1.617052266418170410e-03
1.162868094736553516e-03
5.912224993441737289e-04
1.515252365868842519e-03
5.912224993441737289e-04
1.538744650610995076e-03
9.122837241535925118e-04
1.558321554562789018e-03
3.719611750840827826e-04
1.010168243912561679e-03
3.915380790358766161e-04
9.592682936378977340e-04
1.217683425801576293e-03
9.631836744282565657e-04
1.730598309338574796e-03
5.442379298598685067e-04
1.260752614495522792e-03
1.511336985078483904e-03
1.190275760269064904e-03
2.936535592769074486e-04
9.749298167993328441e-04
1.096306621300454677e-03
9.984221015414854010e-04
8.496376315078522879e-04
1.123714286832965849e-03
5.403225490695097834e-04
9.122837241535925118e-04
1.209852664220858846e-03
3.484688903419302258e-04
1.049322051816149346e-03
1.425198607690590907e-03
6.891070191031428965e-04
5.246610259080746732e-04
1.339060230302698126e-03
8.770452970403636766e-04
9.357760088957451771e-04
1.417367846109873460e-03
1.761921355661444746e-04
1.213768045011217461e-03
1.045406671025790515e-03
4.855072180044870062e-04
1.092391240510095845e-03
1.433029369271308570e-03
8.300607275560584544e-04
1.366467895835209514e-03
4.580995524719756718e-04
4.580995524719756718e-04
1.382129418996644625e-03
9.083683433632337885e-04
1.311652564770186737e-03
5.089995027466396715e-04
1.041491290235431900e-03
9.240298665246688987e-04
1.049322051816149346e-03
6.969377806838604516e-04
2.153459434697321416e-04
1.158952713946194901e-03
5.442379298598685067e-04
1.249006472124446513e-03
1.068898955767943288e-03
4.933379795852045613e-04
1.840228971468620296e-04
1.213768045011217461e-03
1.131545048413683512e-03
1.237260329753370235e-03
3.328073671804951156e-04
1.178529617897988626e-03
3.562996519226477267e-04
8.065684428139058976e-04
4.620149332623344493e-04
7.713300157006769539e-04
8.378914891367760095e-04
4.541841716816168942e-04
8.613837738789286206e-05
6.969377806838604516e-04
1.041491290235431900e-03
9.827605783800502908e-04
1.064983574977584457e-03
2.466689897926022806e-04
1.006252863122202848e-03
5.638148338116623403e-04
1.010168243912561679e-03
1.468267796384537405e-03
1.115883525252248402e-03
7.752453964910357856e-04
7.987376812331883425e-04
1.096306621300454677e-03
1.421283226900232075e-03
5.873071185538148971e-04
8.731299162500048448e-04
2.153459434697321416e-04
7.360915885874481186e-04
5.951378801345324522e-04
9.357760088957451771e-04
1.162868094736553516e-03
8.300607275560584544e-04
9.201144857343100669e-04
9.827605783800502908e-04
2.035998010986558632e-04
9.670990552186152890e-04
1.487844700336331131e-03
1.264667995285881624e-03
9.514375320571801789e-04
8.261453467656997311e-04
7.791607772813945090e-04
4.580995524719756718e-04
1.299906422399110459e-03
8.809606778307223999e-04
9.475221512668214555e-04
8.613837738789285664e-04
5.794763569730974504e-04
1.801075163565032521e-04
8.418068699271347329e-04
8.574683930885698430e-04
8.887914394114399550e-04
7.439223501681655653e-04
1.249006472124446513e-03
8.065684428139058976e-04
4.306918869394642832e-04
2.114305626793733912e-04
8.692145354596461215e-04
6.656147343609902312e-04
2.701612745347548917e-04
9.749298167993328441e-04
9.905913399607679543e-04
9.984221015414854010e-04
7.282608270067305635e-04
7.713300157006769539e-04
1.284244899237675349e-03
6.225455456670438408e-04
7.047685422645778982e-04
9.475221512668214555e-04
8.378914891367760095e-04
3.484688903419302258e-04
5.285764066984335050e-04
8.261453467656997311e-04
1.722767547757857241e-04
5.833917377634561738e-04
5.442379298598685067e-04
1.292075660818392795e-04
6.029686417152500073e-04
7.478377309585243970e-04
9.945067207511265692e-04
7.008531614742191749e-04
1.115883525252248402e-03
7.948223004428296191e-04
1.292075660818392795e-04
6.225455456670438408e-04
1.221598806591935125e-03
1.217683425801576293e-03
6.303763072477613959e-04
7.948223004428296191e-04
5.089995027466396715e-04
6.695301151513490629e-04
7.047685422645778982e-04
8.770452970403636766e-04
6.068840225056087306e-04
1.127629667623324681e-03
6.460378304091963977e-04
3.954534598262353937e-04
4.463534101008993392e-04
6.147147840863262857e-04
4.737610756334107278e-04
1.237260329753370235e-03
8.339761083464171778e-04
2.975689400672662261e-04
7.478377309585243970e-04
2.310074666311672247e-04
5.755609761827386187e-04
5.089995027466396715e-04
2.584151321636785591e-04
8.457222507174935646e-04
6.969377806838604516e-04
7.478377309585243970e-04
7.439223501681655653e-04
8.026530620235470658e-04
5.403225490695097834e-04
3.876226982455178928e-04
3.210612248094188372e-04
8.104838236042646209e-04
1.801075163565032521e-04
7.909069196524707874e-04
2.270920858408084471e-04
7.869915388621120641e-04
4.071996021973117263e-04
6.656147343609902312e-04
9.749298167993328441e-04
4.972533603755632846e-04
3.132304632287012821e-04
5.716455953923798954e-04
7.752453964910357856e-04
7.400069693778068419e-04
8.809606778307223999e-04
1.010168243912561679e-03
1.249006472124446513e-03
4.150303637780292272e-04
5.598994530213036169e-04
5.755609761827386187e-04
7.634992541199593988e-04
7.909069196524707874e-04
4.894225987948458379e-04
1.409537084529155851e-04
5.912224993441737289e-04
6.851916383127840647e-04
2.936535592769074486e-04
1.139375809994400959e-03
5.520686914405860618e-04
6.616993535706315079e-04
8.770452970403636766e-04
7.869915388621120641e-04
4.580995524719756718e-04
5.598994530213036169e-04
5.442379298598685067e-04
4.424380293105406158e-04
1.957690395179383081e-04
8.574683930885698430e-04
7.243454462163717317e-04
8.418068699271347329e-04
9.044529625728750652e-04
6.107994032959675624e-04
8.104838236042646209e-04
7.165146846356542851e-04
6.577839727802727845e-04
8.770452970403636766e-04
3.719611750840827826e-04
6.812762575224253414e-04
4.306918869394642832e-04
9.592682936378977340e-04
8.378914891367760095e-04
4.346072677298230607e-04
7.752453964910357856e-04
5.755609761827386187e-04
6.107994032959675624e-04
7.008531614742191749e-04
1.221598806591935125e-03
6.851916383127840647e-04
8.300607275560584544e-04
7.987376812331883425e-04
6.773608767320666180e-04
8.183145851849821760e-04
3.171458440190600596e-04
4.698456948430519502e-04
4.698456948430519502e-04
4.659303140526931727e-04
5.912224993441737289e-04
6.499532111995552294e-04
7.987376812331883425e-04
8.261453467656997311e-04
3.602150327130065042e-04
8.026530620235470658e-04
8.887914394114399550e-04
6.421224496188376743e-04
4.855072180044870062e-04
4.267765061491055056e-04
8.300607275560584544e-04
2.192613242600909191e-04
3.249766055997776147e-04
9.083683433632337885e-04
3.445535095515714482e-04
4.541841716816168942e-04
4.698456948430519502e-04
6.499532111995552294e-04
7.360915885874481186e-04
2.231767050504496696e-04
9.475221512668214555e-04
5.285764066984335050e-04
1.683613739854269466e-04
7.400069693778068419e-04
8.535530122982110113e-04
4.228611253587467823e-04
2.975689400672662261e-04
3.837073174551591153e-04
5.638148338116623403e-04
5.089995027466396715e-04
2.466689897926022806e-04
4.933379795852045613e-04
1.072814336558301903e-03
1.996844203082970856e-04
7.439223501681655653e-04
7.282608270067305635e-04
6.773608767320666180e-04
1.879382779372207801e-04
2.270920858408084471e-04
2.349228474215259751e-05
5.364071682791509517e-04
5.755609761827386187e-04
9.905913399607679543e-04
6.068840225056087306e-04
6.068840225056087306e-04
5.559840722309447852e-04
1.025829767073996790e-03
5.794763569730974504e-04
8.496376315078522879e-04
5.050841219562808397e-04
4.346072677298230607e-04
5.246610259080746732e-04
8.261453467656997311e-04
7.556684925392419521e-04
8.261453467656997311e-04
7.360915885874481186e-04
6.930223998935016198e-04
3.367227479708538931e-04
6.029686417152500073e-04
3.367227479708538931e-04
5.050841219562808397e-04
8.143992043946234527e-04
8.026530620235470658e-04
6.499532111995552294e-04
7.713300157006769539e-04
6.303763072477613959e-04
7.204300654260130084e-04
7.909069196524707874e-04
3.993688406165941712e-04
6.930223998935016198e-04
5.559840722309447852e-04
9.905913399607679543e-04
6.656147343609902312e-04
5.246610259080746732e-04
5.990532609248912840e-04
5.598994530213036169e-04
5.677302146020211720e-04
5.755609761827386187e-04
7.204300654260130084e-04
8.418068699271347329e-04
8.222299659753408993e-04
3.523842711322889491e-04
7.752453964910357856e-04
8.927068202017986783e-04
3.249766055997776147e-04
8.692145354596461215e-04
4.933379795852045613e-04
4.894225987948458379e-04
3.249766055997776147e-04
3.523842711322889491e-04
1.057152813396866956e-04
1.918536587275795576e-04
2.466689897926022806e-04
8.143992043946234527e-04
6.186301648766851175e-04
5.559840722309447852e-04
3.915380790358766161e-04
4.541841716816168942e-04
3.367227479708538931e-04
5.873071185538148971e-04
3.680457942937240593e-04
5.559840722309447852e-04
4.659303140526931727e-04
3.641304135033652817e-04
4.502687908912581167e-04
3.445535095515714482e-04
3.562996519226477267e-04
2.231767050504496696e-04
2.153459434697321416e-04
6.969377806838604516e-04
1.605306124047094186e-04
6.029686417152500073e-04
5.324917874887922283e-04
7.086839230549367300e-04
6.656147343609902312e-04
9.005375817825162605e-05
8.770452970403636766e-04
4.463534101008993392e-04
3.758765558744415602e-04
2.466689897926022806e-04
6.460378304091963977e-04
2.114305626793733912e-04
5.364071682791509517e-04
2.349228474215259751e-05
8.183145851849821760e-04
4.267765061491055056e-04
2.819074169058311701e-04
5.833917377634561738e-04
4.071996021973117263e-04
7.165146846356542851e-04
2.701612745347548917e-04
7.478377309585243970e-04
5.089995027466396579e-05
6.107994032959675624e-04
4.502687908912581167e-04
6.068840225056087306e-04
5.716455953923798954e-04
6.734454959417077863e-04
5.403225490695097834e-04
1.135460429204042236e-04
5.207456451177159499e-04
2.662458937443961142e-04
8.535530122982110113e-04
3.132304632287012821e-04
4.306918869394642832e-04
5.403225490695097834e-04
4.737610756334107278e-04
6.812762575224253414e-04
4.580995524719756718e-04
5.050841219562808397e-04
5.207456451177159499e-04
3.288919863901363923e-04
6.695301151513490629e-04
4.737610756334107278e-04
5.324917874887922283e-04
1.213768045011217515e-04
5.324917874887922283e-04
8.222299659753409806e-05
2.505843705829610582e-04
3.993688406165941712e-04
4.267765061491055056e-04
1.879382779372207801e-04
1.644459931950681961e-04
4.189457445683880048e-04
3.406381287612126707e-04
3.406381287612126707e-04
5.990532609248912840e-04
3.837073174551591153e-04
2.231767050504496696e-04
4.776764564237695053e-04
7.869915388621120641e-04
4.071996021973117263e-04
6.499532111995552294e-04
4.855072180044870062e-04
2.310074666311672247e-04
7.791607772813945090e-04
8.848760586210812316e-04
6.225455456670438408e-04
5.129148835369983948e-04
5.951378801345324522e-04
7.360915885874481186e-04
2.505843705829610582e-04
4.346072677298230607e-04
7.321762077970892868e-04
5.246610259080746732e-04
2.623305129540373366e-04
4.815918372141282829e-04
5.207456451177159499e-04
5.638148338116623403e-04
7.047685422645778982e-04
7.909069196524707874e-04
3.132304632287012821e-04
3.915380790358766026e-05
4.737610756334107278e-04
7.674146349103182305e-04
4.972533603755632846e-04
4.071996021973117263e-04
5.403225490695097834e-04
7.321762077970892868e-04
3.562996519226477267e-04
5.089995027466396715e-04
5.011687411659221164e-04
4.032842214069529488e-04
4.580995524719756718e-04
3.406381287612126707e-04
3.915380790358766161e-04
3.249766055997776147e-04
6.147147840863262857e-04
2.819074169058311701e-04
5.716455953923798954e-04
6.264609264574025642e-04
1.566152316143506614e-05
5.873071185538149378e-05
3.053997016479837812e-04
8.143992043946234527e-04
4.424380293105406158e-04
1.918536587275795576e-04
1.174614237107629876e-04
3.915380790358766161e-04
4.228611253587467823e-04
1.135460429204042236e-04
4.385226485201818383e-04
4.855072180044870062e-04
6.303763072477613959e-04
6.538685919899139528e-04
3.523842711322889491e-04
3.954534598262353937e-04
5.833917377634561738e-04
4.972533603755632846e-04
3.915380790358766534e-06
8.613837738789286206e-05
5.207456451177159499e-04
7.439223501681655653e-05
4.306918869394643103e-05
3.954534598262353937e-04
3.562996519226477267e-04
2.427536090022435031e-04
3.602150327130065042e-04
4.306918869394643103e-05
4.659303140526931727e-04
2.270920858408084471e-04
4.698456948430519502e-04
4.580995524719756718e-04
2.740766553251136489e-05
4.346072677298230607e-04
2.819074169058311701e-04
4.933379795852045613e-04
2.505843705829610582e-04
2.584151321636785591e-04
4.463534101008993392e-04
2.779920361154723926e-04
6.812762575224253414e-04
3.014843208576250036e-04
2.897381784865487252e-04
6.107994032959675624e-04
4.737610756334107278e-04
4.150303637780292272e-04
3.523842711322889491e-04
4.972533603755632846e-04
3.523842711322889491e-04
3.915380790358766161e-04
4.933379795852045613e-04
4.737610756334107278e-04
4.189457445683880048e-04
6.421224496188376743e-04
1.996844203082970856e-04
5.716455953923798954e-04
1.174614237107629876e-04
5.403225490695097834e-04
5.246610259080746732e-04
2.231767050504496696e-04
5.520686914405860618e-04
3.719611750840827826e-04
4.346072677298230607e-04
6.460378304091963977e-04
1.566152316143506410e-04
5.364071682791509517e-04
3.484688903419302258e-04
4.071996021973117263e-04
3.328073671804951156e-04
7.439223501681655653e-05
1.840228971468620296e-04
6.382070688284789510e-04
4.776764564237695053e-04
6.029686417152500073e-04
3.758765558744415602e-04
2.349228474215259751e-04
6.264609264574026455e-05
3.954534598262353937e-04
5.403225490695097834e-04
3.641304135033652817e-04
5.285764066984335050e-04
3.171458440190600596e-04
6.382070688284789510e-04
2.075151818890146136e-04
3.445535095515714482e-04
3.484688903419302258e-04
1.918536587275795576e-04
3.328073671804951156e-04
3.406381287612126707e-04
1.096306621300454596e-04
3.445535095515714482e-04
4.228611253587467823e-04
5.207456451177159499e-04
3.915380790358766026e-05
4.032842214069529488e-04
3.562996519226477267e-04
1.644459931950681961e-04
6.225455456670438408e-04
2.584151321636785591e-04
4.032842214069529488e-04
5.089995027466396715e-04
6.616993535706315079e-04
3.523842711322889491e-04
2.623305129540373366e-04
2.544997513733198357e-04
6.225455456670438408e-04
2.897381784865487252e-04
4.150303637780292272e-04
4.267765061491055056e-04
4.776764564237695053e-04
5.598994530213036169e-04
8.613837738789286206e-05
3.445535095515714482e-04
2.662458937443961142e-04
4.659303140526931727e-04
2.779920361154723926e-04
3.562996519226477267e-04
3.758765558744415602e-04
4.502687908912581167e-04
2.897381784865487252e-04
5.833917377634561738e-04
4.659303140526931727e-04
4.698456948430519502e-04
5.285764066984335050e-04
2.544997513733198357e-04
2.153459434697321416e-04
2.662458937443961142e-04
1.409537084529155851e-04
6.029686417152500073e-04
2.231767050504496696e-04
2.858227976961899477e-04
2.035998010986558632e-04
3.797919366648003377e-04
1.644459931950681961e-04
3.053997016479837812e-04
2.858227976961899477e-04
4.620149332623344493e-04
3.915380790358766161e-04
2.310074666311672247e-04
3.876226982455178928e-04
1.017999005493279316e-04
3.680457942937240593e-04
2.975689400672662261e-04
4.228611253587467823e-04
5.873071185538148971e-04
6.264609264574025642e-04
3.758765558744415602e-04
9.788451975896915404e-05
5.833917377634561738e-04
3.367227479708538931e-04
3.367227479708538931e-04
2.114305626793733912e-04
1.918536587275795576e-04
3.210612248094188372e-04
1.174614237107629876e-05
3.014843208576250036e-04
1.213768045011217515e-04
5.403225490695097834e-04
1.174614237107629876e-05
3.484688903419302258e-04
3.797919366648003377e-04
3.093150824383425587e-04
3.719611750840827826e-04
2.623305129540373366e-04
2.819074169058311701e-04
2.662458937443961142e-04
2.662458937443961142e-04
2.388382282118847527e-04
1.526998508239918906e-04
2.779920361154723926e-04
4.346072677298230607e-04
2.623305129540373366e-04
1.761921355661444746e-04
2.701612745347548917e-04
2.584151321636785591e-04
2.584151321636785591e-04
3.641304135033652817e-04
3.876226982455178928e-04
4.424380293105406158e-04
3.288919863901363923e-04
2.975689400672662261e-04
4.111149829876704497e-04
5.873071185538148971e-04
5.207456451177159499e-04
4.228611253587467823e-04
4.071996021973117263e-04
3.523842711322889491e-04
4.189457445683880048e-04
2.584151321636785591e-04
1.840228971468620296e-04
4.855072180044870062e-04
4.620149332623344493e-04
4.424380293105406158e-04
2.662458937443961142e-04
4.385226485201818383e-04
2.584151321636785591e-04
2.897381784865487252e-04
5.050841219562808397e-04
1.801075163565032521e-04
4.071996021973117263e-04
2.231767050504496696e-04
1.918536587275795576e-04
4.071996021973117263e-04
3.367227479708538931e-04
3.602150327130065042e-04
2.310074666311672247e-04
4.541841716816168942e-04
2.466689897926022806e-04
3.014843208576250036e-04
1.722767547757857241e-04
2.975689400672662261e-04
3.288919863901363923e-04
4.737610756334107278e-04
3.484688903419302258e-04
3.367227479708538931e-04
4.150303637780292272e-04
3.171458440190600596e-04
4.541841716816168942e-04
2.466689897926022806e-04
1.644459931950681961e-04
2.388382282118847527e-04
3.249766055997776147e-04
4.306918869394642832e-04
2.819074169058311701e-04
1.957690395179383081e-04
6.421224496188376743e-04
4.189457445683880048e-04
2.075151818890146136e-04
2.584151321636785591e-04
4.032842214069529488e-04
2.701612745347548917e-04
4.972533603755632846e-04
3.641304135033652817e-04
4.424380293105406158e-04
1.487844700336331131e-04
3.523842711322889491e-04
5.951378801345324522e-04
2.936535592769074486e-04
4.620149332623344493e-04
2.975689400672662261e-04
4.894225987948458379e-04
4.815918372141282829e-04
1.526998508239918906e-04
3.249766055997776147e-04
2.270920858408084471e-04
2.779920361154723926e-04
1.683613739854269466e-04
3.954534598262353937e-04
3.014843208576250036e-04
3.680457942937240593e-04
3.915380790358766534e-06
7.830761580717533068e-06
7.047685422645778982e-04
3.288919863901363923e-04
3.171458440190600596e-04
5.794763569730974504e-04
1.918536587275795576e-04
5.246610259080746732e-04
4.463534101008993392e-04
4.306918869394643103e-05
5.364071682791509517e-04
4.267765061491055056e-04
4.150303637780292272e-04
1.722767547757857241e-04
1.918536587275795576e-04
5.089995027466396579e-05
3.132304632287012821e-04
1.683613739854269466e-04
4.659303140526931727e-04
6.264609264574026455e-05
4.659303140526931727e-04
3.915380790358766534e-06
3.915380790358766534e-06
2.584151321636785591e-04
3.915380790358766161e-04
3.132304632287012821e-04
3.210612248094188372e-04
2.623305129540373366e-04
3.641304135033652817e-04
2.192613242600909191e-04
4.580995524719756718e-04
3.680457942937240593e-04
1.096306621300454596e-04
2.701612745347548917e-04
1.526998508239918906e-04
3.288919863901363923e-04
1.801075163565032521e-04
3.328073671804951156e-04
3.132304632287012821e-04
4.463534101008993392e-04
3.837073174551591153e-04
3.523842711322889491e-04
3.093150824383425587e-04
4.267765061491055056e-04
2.544997513733198357e-04
4.306918869394642832e-04
4.933379795852045613e-04
5.481533106502272978e-05
4.698456948430519502e-04
3.445535095515714482e-04
3.797919366648003377e-04
1.840228971468620296e-04
1.840228971468620296e-04
3.171458440190600596e-04
4.424380293105406158e-04
1.761921355661444746e-04
2.270920858408084471e-04
2.584151321636785591e-04
2.427536090022435031e-04
3.719611750840827826e-04
4.580995524719756718e-04
2.897381784865487252e-04
4.620149332623344493e-04
1.605306124047094186e-04
2.544997513733198357e-04
2.114305626793733912e-04
5.089995027466396579e-05
3.093150824383425587e-04
3.093150824383425587e-04
2.114305626793733912e-04
3.915380790358766534e-06
2.310074666311672247e-04
1.252921852914805291e-04
9.005375817825162605e-05
2.584151321636785591e-04
3.445535095515714482e-04
2.544997513733198357e-04
1.879382779372207801e-04
3.915380790358766026e-05
3.171458440190600596e-04
3.132304632287013227e-05
2.858227976961899477e-04
1.957690395179383081e-04
9.005375817825162605e-05
2.858227976961899477e-04
7.830761580717533068e-06
1.996844203082970856e-04
2.427536090022435031e-04
3.719611750840827826e-04
2.779920361154723926e-04
4.228611253587467823e-04
2.584151321636785591e-04
1.566152316143506410e-04
4.815918372141282829e-04
1.566152316143506410e-04
3.837073174551591153e-04
2.270920858408084471e-04
2.349228474215259751e-04
4.776764564237695053e-04
2.114305626793733912e-04
4.502687908912581167e-04
2.779920361154723926e-04
4.463534101008993392e-04
2.740766553251136693e-04
2.897381784865487252e-04
2.544997513733198357e-04
1.879382779372207801e-04
2.975689400672662261e-04
3.014843208576250036e-04
4.620149332623344493e-04
3.484688903419302258e-04
2.114305626793733912e-04
1.017999005493279316e-04
5.324917874887922283e-04
3.797919366648003377e-04
3.249766055997776147e-04
2.819074169058311701e-04
1.292075660818392795e-04
3.954534598262353937e-04
2.153459434697321416e-04
3.758765558744415602e-04
2.349228474215259751e-04
1.252921852914805291e-04
1.252921852914805291e-04
9.005375817825162605e-05
2.427536090022435031e-04
6.264609264574026455e-05
3.328073671804951156e-04
3.915380790358766026e-05
2.897381784865487252e-04
4.150303637780292272e-04
3.876226982455178928e-04
1.370383276625568346e-04
2.662458937443961142e-04
2.858227976961899477e-04
2.035998010986558632e-04
1.566152316143506614e-05
1.292075660818392795e-04
1.957690395179383081e-04
1.566152316143506410e-04
2.819074169058311701e-04
3.093150824383425587e-04
2.623305129540373366e-04
4.306918869394642832e-04
2.466689897926022806e-04
2.975689400672662261e-04
2.270920858408084471e-04
2.740766553251136489e-05
4.385226485201818383e-04
2.035998010986558632e-04
3.758765558744415602e-04
4.815918372141282829e-04
2.270920858408084471e-04
3.288919863901363923e-04
2.740766553251136693e-04
1.487844700336331131e-04
1.722767547757857241e-04
3.406381287612126707e-04
1.957690395179383081e-04
3.093150824383425587e-04
2.544997513733198357e-04
2.662458937443961142e-04
2.427536090022435031e-04
2.192613242600909191e-04
2.858227976961899477e-04
2.035998010986558632e-04
3.093150824383425587e-04
4.385226485201818383e-04
1.801075163565032521e-04
2.701612745347548917e-04
1.057152813396866956e-04
2.075151818890146136e-04
4.698456948430519502e-05
2.035998010986558632e-04
2.153459434697321416e-04
1.096306621300454596e-04
2.349228474215259751e-04
3.641304135033652817e-04
2.310074666311672247e-04
1.722767547757857241e-04
2.270920858408084471e-04
1.683613739854269466e-04
2.505843705829610582e-04
2.310074666311672247e-04
9.788451975896915404e-05
2.466689897926022806e-04
2.623305129540373366e-04
1.761921355661444746e-04
4.267765061491055056e-04
3.915380790358766026e-05
3.758765558744415602e-04
2.192613242600909191e-04
2.701612745347548917e-04
2.349228474215259751e-05
3.053997016479837812e-04
3.210612248094188372e-04
2.505843705829610582e-04
2.858227976961899477e-04
2.779920361154723926e-04
2.231767050504496696e-04
1.566152316143506410e-04
1.292075660818392795e-04
2.075151818890146136e-04
2.701612745347548917e-04
3.406381287612126707e-04
1.996844203082970856e-04
3.210612248094188372e-04
1.057152813396866956e-04
3.249766055997776147e-04
2.740766553251136489e-05
2.035998010986558632e-04
2.544997513733198357e-04
3.014843208576250036e-04
2.584151321636785591e-04
1.331229468721980571e-04
3.680457942937240593e-04
8.222299659753409806e-05
1.017999005493279316e-04
2.349228474215259751e-04
8.222299659753409806e-05
3.602150327130065042e-04
1.174614237107629876e-04
3.562996519226477267e-04
1.683613739854269466e-04
7.830761580717533068e-06
4.306918869394643103e-05
1.331229468721980571e-04
2.114305626793733912e-04
2.584151321636785591e-04
1.057152813396866956e-04
3.328073671804951156e-04
2.897381784865487252e-04
3.523842711322889491e-04
7.830761580717532052e-05
2.466689897926022806e-04
2.153459434697321416e-04
3.093150824383425587e-04
2.623305129540373366e-04
2.153459434697321416e-04
2.310074666311672247e-04
2.584151321636785591e-04
7.047685422645779253e-05
2.427536090022435031e-04
2.584151321636785591e-04
2.192613242600909191e-04
1.096306621300454596e-04
2.936535592769074486e-04
1.017999005493279316e-04
1.801075163565032521e-04
2.897381784865487252e-04
5.873071185538149378e-05
2.779920361154723926e-04
2.349228474215259751e-04
2.466689897926022806e-04
8.222299659753409806e-05
1.722767547757857241e-04
1.057152813396866956e-04
4.346072677298230607e-04
3.014843208576250036e-04
2.584151321636785591e-04
2.153459434697321416e-04
1.801075163565032521e-04
2.035998010986558632e-04
2.466689897926022806e-04
3.719611750840827826e-04
1.096306621300454596e-04
3.249766055997776147e-04
2.779920361154723926e-04
3.288919863901363923e-04
2.584151321636785591e-04
1.292075660818392795e-04
2.623305129540373366e-04
1.566152316143506410e-04
2.779920361154723926e-04
7.830761580717533068e-06
3.093150824383425587e-04
1.487844700336331131e-04
1.526998508239918906e-04
1.683613739854269466e-04
2.897381784865487252e-04
3.523842711322889491e-04
2.035998010986558632e-04
3.993688406165941712e-04
2.114305626793733912e-04
2.388382282118847527e-04
3.171458440190600596e-04
1.801075163565032521e-04
2.701612745347548917e-04
1.487844700336331131e-04
3.641304135033652817e-04
1.526998508239918906e-04
2.779920361154723926e-04
1.174614237107629876e-05
2.936535592769074486e-04
2.035998010986558632e-04
3.014843208576250036e-04
3.053997016479837812e-04
2.035998010986558632e-04
3.367227479708538931e-04
1.526998508239918906e-04
9.396913896861039004e-05
3.602150327130065042e-04
1.683613739854269466e-04
3.523842711322889627e-05
3.288919863901363923e-04
1.135460429204042236e-04
1.918536587275795576e-04
3.132304632287012821e-04
2.584151321636785591e-04
3.445535095515714482e-04
1.096306621300454596e-04
2.035998010986558632e-04
2.858227976961899477e-04
3.484688903419302258e-04
1.996844203082970856e-04
9.788451975896915404e-05
3.484688903419302258e-04
2.819074169058311701e-04
1.057152813396866956e-04
3.406381287612126707e-04
3.328073671804951156e-04
1.918536587275795576e-04
4.032842214069529488e-04
1.566152316143506410e-04
1.566152316143506614e-05
3.132304632287012821e-04
2.779920361154723926e-04
1.017999005493279316e-04
2.584151321636785591e-04
2.075151818890146136e-04
2.466689897926022806e-04
2.975689400672662261e-04
1.722767547757857241e-04
1.840228971468620296e-04
2.544997513733198357e-04
1.683613739854269466e-04
2.779920361154723926e-04
2.427536090022435031e-04
3.915380790358766534e-06
3.915380790358766534e-06
3.367227479708538931e-04
2.114305626793733912e-04
3.132304632287012821e-04
2.075151818890146136e-04
1.409537084529155851e-04
2.388382282118847527e-04
2.858227976961899477e-04
2.858227976961899477e-04
2.544997513733198357e-04
4.150303637780292272e-04
3.093150824383425587e-04
3.915380790358766026e-05
1.017999005493279316e-04
1.448690892432743626e-04
2.466689897926022806e-04
2.623305129540373366e-04
1.761921355661444746e-04
7.439223501681655653e-05
2.466689897926022806e-04
2.192613242600909191e-04
2.505843705829610582e-04
3.915380790358766534e-06
2.035998010986558632e-04
2.231767050504496696e-04
2.740766553251136489e-05
2.427536090022435031e-04
1.957690395179383081e-04
2.310074666311672247e-04
6.264609264574026455e-05
1.918536587275795576e-04
1.996844203082970856e-04
2.662458937443961142e-04
1.331229468721980571e-04
2.153459434697321416e-04
2.466689897926022806e-04
1.370383276625568346e-04
2.153459434697321416e-04
1.566152316143506410e-04
1.957690395179383013e-05
2.779920361154723926e-04
2.858227976961899477e-04
1.605306124047094186e-04
1.487844700336331131e-04
2.819074169058311701e-04
2.153459434697321416e-04
2.075151818890146136e-04
3.053997016479837812e-04
1.487844700336331131e-04
2.114305626793733912e-04
3.406381287612126707e-04
3.562996519226477267e-04
1.644459931950681961e-04
1.174614237107629876e-05
1.370383276625568346e-04
2.035998010986558632e-04
1.605306124047094186e-04
4.306918869394643103e-05
2.505843705829610582e-04
2.975689400672662261e-04
2.231767050504496696e-04
2.035998010986558632e-04
2.349228474215259751e-05
2.544997513733198357e-04
2.662458937443961142e-04
2.740766553251136693e-04
2.114305626793733912e-04
3.367227479708538931e-04
2.544997513733198357e-04
4.306918869394642832e-04
1.879382779372207801e-04
2.349228474215259751e-04
2.192613242600909191e-04
1.722767547757857241e-04
1.801075163565032521e-04
2.310074666311672247e-04
2.349228474215259751e-05
4.306918869394643103e-05
1.487844700336331131e-04
3.053997016479837812e-04
9.005375817825162605e-05
2.584151321636785591e-04
9.396913896861039004e-05
2.819074169058311701e-04
2.270920858408084471e-04
1.683613739854269466e-04
1.057152813396866956e-04
3.915380790358766534e-06
1.879382779372207801e-04
1.879382779372207801e-04
1.644459931950681961e-04
3.014843208576250036e-04
6.264609264574026455e-05
3.915380790358766534e-06
2.662458937443961142e-04
3.132304632287012821e-04
9.396913896861039004e-05
2.819074169058311701e-04
2.270920858408084471e-04
1.761921355661444746e-04
1.605306124047094186e-04
1.879382779372207801e-04
8.613837738789286206e-05
1.957690395179383081e-04
3.093150824383425587e-04
1.566152316143506410e-04
8.222299659753409806e-05
2.114305626793733912e-04
2.858227976961899477e-04
8.613837738789286206e-05
2.466689897926022806e-04
2.701612745347548917e-04
1.487844700336331131e-04
2.466689897926022806e-04
1.879382779372207801e-04
3.053997016479837812e-04
1.644459931950681961e-04
2.466689897926022806e-04
1.409537084529155851e-04
2.936535592769074486e-04
1.213768045011217515e-04
2.505843705829610582e-04
2.114305626793733912e-04
2.779920361154723926e-04
1.174614237107629876e-04
2.584151321636785591e-04
1.644459931950681961e-04
2.270920858408084471e-04
7.830761580717532052e-05
1.996844203082970856e-04
1.918536587275795576e-04
1.996844203082970856e-04
5.481533106502272978e-05
1.879382779372207801e-04
1.722767547757857241e-04
2.466689897926022806e-04
2.231767050504496696e-04
2.310074666311672247e-04
2.153459434697321416e-04
2.623305129540373366e-04
1.448690892432743626e-04
8.613837738789286206e-05
2.388382282118847527e-04
2.388382282118847527e-04
1.801075163565032521e-04
2.858227976961899477e-04
3.053997016479837812e-04
2.270920858408084471e-04
1.918536587275795576e-04
3.562996519226477267e-04
1.448690892432743626e-04
1.683613739854269466e-04
6.264609264574026455e-05
2.740766553251136693e-04
2.075151818890146136e-04
5.873071185538149378e-05
2.466689897926022806e-04
1.213768045011217515e-04
2.623305129540373366e-04
1.526998508239918906e-04
9.788451975896915404e-05
1.996844203082970856e-04
1.605306124047094186e-04
6.264609264574026455e-05
1.448690892432743626e-04
1.996844203082970856e-04
2.035998010986558632e-04
3.210612248094188372e-04
1.840228971468620296e-04
1.096306621300454596e-04
2.623305129540373366e-04
2.544997513733198357e-04
1.996844203082970856e-04
8.613837738789286206e-05
6.656147343609902854e-05
2.427536090022435031e-04
1.135460429204042236e-04
2.897381784865487252e-04
2.153459434697321416e-04
2.114305626793733912e-04
3.328073671804951156e-04
1.370383276625568346e-04
1.801075163565032521e-04
1.526998508239918906e-04
2.466689897926022806e-04
1.096306621300454596e-04
2.349228474215259751e-05
1.135460429204042236e-04
2.075151818890146136e-04
1.252921852914805291e-04
2.349228474215259751e-04
1.096306621300454596e-04
8.613837738789286206e-05
5.873071185538149378e-05
1.801075163565032521e-04
9.396913896861039004e-05
2.427536090022435031e-04
1.644459931950681961e-04
2.035998010986558632e-04
1.057152813396866956e-04
2.427536090022435031e-04
5.481533106502272978e-05
2.936535592769074486e-04
1.292075660818392795e-04
2.740766553251136693e-04
1.017999005493279316e-04
1.448690892432743626e-04
2.192613242600909191e-04
8.222299659753409806e-05
8.613837738789286206e-05
1.487844700336331131e-04
1.526998508239918906e-04
3.915380790358766534e-06
2.114305626793733912e-04
1.644459931950681961e-04
2.505843705829610582e-04
1.761921355661444746e-04
4.698456948430519502e-05
1.683613739854269466e-04
1.918536587275795576e-04
1.918536587275795576e-04
8.613837738789286206e-05
6.656147343609902854e-05
4.698456948430519502e-05
1.683613739854269466e-04
2.427536090022435031e-04
1.566152316143506410e-04
2.779920361154723926e-04
1.292075660818392795e-04
2.388382282118847527e-04
1.918536587275795576e-04
1.605306124047094186e-04
2.505843705829610582e-04
1.135460429204042236e-04
1.566152316143506410e-04
2.349228474215259751e-04
2.310074666311672247e-04
1.135460429204042236e-04
1.918536587275795576e-04
2.701612745347548917e-04
2.701612745347548917e-04
5.873071185538149378e-05
1.644459931950681961e-04
1.174614237107629876e-04
1.761921355661444746e-04
2.740766553251136693e-04
5.873071185538149378e-05
1.135460429204042236e-04
2.544997513733198357e-04
4.698456948430519502e-05
1.252921852914805291e-04
2.779920361154723926e-04
2.349228474215259751e-04
3.093150824383425587e-04
1.409537084529155851e-04
1.761921355661444746e-04
3.915380790358766534e-06
1.840228971468620296e-04
2.584151321636785591e-04
5.873071185538149378e-05
1.605306124047094186e-04
2.349228474215259751e-04
2.897381784865487252e-04
1.370383276625568346e-04
1.879382779372207801e-04
1.879382779372207801e-04
2.388382282118847527e-04
2.270920858408084471e-04
2.349228474215259751e-04
1.918536587275795576e-04
2.231767050504496696e-04
1.722767547757857241e-04
2.114305626793733912e-04
2.427536090022435031e-04
2.388382282118847527e-04
1.487844700336331131e-04
1.801075163565032521e-04
1.996844203082970856e-04
4.698456948430519502e-05
6.264609264574026455e-05
2.779920361154723926e-04
6.264609264574026455e-05
1.331229468721980571e-04
1.683613739854269466e-04
1.722767547757857241e-04
1.683613739854269466e-04
1.918536587275795576e-04
7.047685422645779253e-05
1.566152316143506410e-04
2.310074666311672247e-04
7.439223501681655653e-05
1.213768045011217515e-04
2.075151818890146136e-04
1.409537084529155851e-04
1.605306124047094186e-04
1.135460429204042236e-04
2.192613242600909191e-04
5.089995027466396579e-05
9.788451975896915404e-05
2.388382282118847527e-04
7.830761580717533068e-06
1.918536587275795576e-04
2.035998010986558632e-04
3.171458440190600596e-04
2.623305129540373366e-04
2.740766553251136489e-05
1.761921355661444746e-04
8.613837738789286206e-05
5.089995027466396579e-05
1.409537084529155851e-04
1.996844203082970856e-04
1.017999005493279316e-04
2.623305129540373366e-04
4.698456948430519502e-05
1.566152316143506410e-04
9.005375817825162605e-05
1.957690395179383081e-04
2.153459434697321416e-04
2.779920361154723926e-04
1.213768045011217515e-04
5.089995027466396579e-05
2.740766553251136489e-05
1.957690395179383081e-04
8.613837738789286206e-05
1.487844700336331131e-04
1.331229468721980571e-04
1.448690892432743626e-04
2.153459434697321416e-04
1.605306124047094186e-04
9.788451975896915404e-05
2.075151818890146136e-04
8.613837738789286206e-05
1.174614237107629876e-04
2.075151818890146136e-04
2.349228474215259751e-04
2.310074666311672247e-04
2.544997513733198357e-04
8.222299659753409806e-05
2.153459434697321416e-04
2.192613242600909191e-04
2.075151818890146136e-04
1.996844203082970856e-04
1.801075163565032521e-04
3.014843208576250036e-04
2.505843705829610582e-04
1.957690395179383013e-05
1.722767547757857241e-04
7.830761580717532052e-05
1.918536587275795576e-04
1.057152813396866956e-04
2.349228474215259751e-04
1.722767547757857241e-04
1.566152316143506614e-05
2.153459434697321416e-04
1.996844203082970856e-04
7.047685422645779253e-05
1.448690892432743626e-04
1.292075660818392795e-04
9.396913896861039004e-05
1.605306124047094186e-04
3.915380790358766026e-05
2.584151321636785591e-04
2.231767050504496696e-04
7.830761580717533068e-06
2.623305129540373366e-04
2.075151818890146136e-04
1.057152813396866956e-04
3.915380790358766026e-05
1.252921852914805291e-04
2.388382282118847527e-04
1.057152813396866956e-04
1.644459931950681961e-04
2.270920858408084471e-04
5.089995027466396579e-05
1.409537084529155851e-04
1.996844203082970856e-04
6.656147343609902854e-05
1.957690395179383081e-04
7.047685422645779253e-05
1.174614237107629876e-04
9.788451975896915404e-05
2.075151818890146136e-04
1.644459931950681961e-04
1.331229468721980571e-04
2.192613242600909191e-04
1.605306124047094186e-04
1.879382779372207801e-04
1.683613739854269466e-04
1.879382779372207801e-04
1.448690892432743626e-04
2.544997513733198357e-04
1.448690892432743626e-04
3.915380790358766026e-05
3.210612248094188372e-04
1.761921355661444746e-04
1.174614237107629876e-05
1.840228971468620296e-04
1.722767547757857241e-04
4.306918869394643103e-05
1.957690395179383081e-04
1.644459931950681961e-04
1.644459931950681961e-04
2.466689897926022806e-04
1.252921852914805291e-04
3.523842711322889627e-05
1.057152813396866956e-04
1.252921852914805291e-04
1.996844203082970856e-04
1.017999005493279316e-04
2.035998010986558632e-04
1.174614237107629876e-05
2.192613242600909191e-04
1.605306124047094186e-04
1.879382779372207801e-04
2.270920858408084471e-04
9.788451975896915404e-05
3.132304632287013227e-05
8.613837738789286206e-05
1.448690892432743626e-04
1.057152813396866956e-04
2.349228474215259751e-04
1.957690395179383081e-04
3.915380790358766026e-05
9.396913896861039004e-05
1.213768045011217515e-04
9.788451975896915404e-05
1.996844203082970856e-04
2.740766553251136489e-05
1.957690395179383013e-05
2.544997513733198357e-04
1.135460429204042236e-04
2.388382282118847527e-04
2.466689897926022806e-04
1.213768045011217515e-04
2.075151818890146136e-04
2.270920858408084471e-04
2.466689897926022806e-04
1.996844203082970856e-04
1.801075163565032521e-04
1.448690892432743626e-04
1.996844203082970856e-04
2.231767050504496696e-04
1.957690395179383081e-04
9.788451975896915404e-05
7.439223501681655653e-05
2.740766553251136489e-05
1.370383276625568346e-04
6.264609264574026455e-05
2.349228474215259751e-05
6.264609264574026455e-05
6.656147343609902854e-05
1.566152316143506614e-05
1.292075660818392795e-04
2.388382282118847527e-04
1.996844203082970856e-04
1.526998508239918906e-04
2.310074666311672247e-04
1.566152316143506410e-04
1.174614237107629876e-04
1.057152813396866956e-04
9.788451975896915404e-05
2.075151818890146136e-04
1.292075660818392795e-04
1.135460429204042236e-04
2.270920858408084471e-04
2.035998010986558632e-04
1.370383276625568346e-04
1.526998508239918906e-04
1.370383276625568346e-04
1.801075163565032521e-04
3.132304632287013227e-05
1.683613739854269466e-04
1.174614237107629876e-04
9.788451975896915404e-05
7.830761580717533068e-06
2.623305129540373366e-04
1.996844203082970856e-04
1.918536587275795576e-04
2.075151818890146136e-04
2.231767050504496696e-04
1.683613739854269466e-04
1.331229468721980571e-04
1.096306621300454596e-04
1.331229468721980571e-04
1.879382779372207801e-04
7.830761580717533068e-06
1.683613739854269466e-04
1.135460429204042236e-04
1.722767547757857241e-04
7.439223501681655653e-05
1.918536587275795576e-04
1.879382779372207801e-04
1.840228971468620296e-04
1.566152316143506614e-05
1.448690892432743626e-04
2.075151818890146136e-04
1.409537084529155851e-04
7.830761580717533068e-06
2.153459434697321416e-04
1.057152813396866956e-04
1.605306124047094186e-04
1.801075163565032521e-04
1.644459931950681961e-04
1.096306621300454596e-04
1.566152316143506614e-05
7.439223501681655653e-05
4.698456948430519502e-05
2.349228474215259751e-05
1.017999005493279316e-04
1.409537084529155851e-04
2.584151321636785591e-04
1.996844203082970856e-04
1.722767547757857241e-04
9.788451975896915404e-05
1.879382779372207801e-04
1.174614237107629876e-05
1.957690395179383013e-05
3.523842711322889627e-05
1.957690395179383013e-05
1.957690395179383081e-04
1.409537084529155851e-04
1.801075163565032521e-04
7.047685422645779253e-05
7.047685422645779253e-05
1.252921852914805291e-04
1.722767547757857241e-04
1.213768045011217515e-04
1.644459931950681961e-04
1.722767547757857241e-04
1.487844700336331131e-04
2.114305626793733912e-04
1.957690395179383013e-05
3.915380790358766534e-06
1.801075163565032521e-04
2.349228474215259751e-05
1.957690395179383013e-05
9.396913896861039004e-05
4.698456948430519502e-05
2.231767050504496696e-04
7.047685422645779253e-05
1.487844700336331131e-04
9.788451975896915404e-05
1.996844203082970856e-04
9.396913896861039004e-05
2.035998010986558632e-04
1.409537084529155851e-04
1.644459931950681961e-04
1.487844700336331131e-04
9.396913896861039004e-05
5.481533106502272978e-05
1.761921355661444746e-04
6.656147343609902854e-05
2.349228474215259751e-05
1.448690892432743626e-04
1.996844203082970856e-04
1.996844203082970856e-04
5.481533106502272978e-05
2.270920858408084471e-04
9.788451975896915404e-05
1.057152813396866956e-04
6.656147343609902854e-05
1.526998508239918906e-04
1.135460429204042236e-04
1.526998508239918906e-04
1.174614237107629876e-05
1.957690395179383013e-05
9.005375817825162605e-05
1.487844700336331131e-04
3.915380790358766026e-05
1.057152813396866956e-04
1.722767547757857241e-04
1.840228971468620296e-04
1.644459931950681961e-04
1.566152316143506614e-05
1.879382779372207801e-04
1.801075163565032521e-04
9.788451975896915404e-05
1.644459931950681961e-04
1.644459931950681961e-04
3.915380790358766534e-06
3.132304632287013227e-05
2.349228474215259751e-05
1.996844203082970856e-04
7.830761580717533068e-06
2.192613242600909191e-04
1.996844203082970856e-04
1.292075660818392795e-04
1.448690892432743626e-04
1.017999005493279316e-04
1.957690395179383081e-04
1.526998508239918906e-04
2.075151818890146136e-04
3.915380790358766026e-05
7.830761580717532052e-05
4.698456948430519502e-05
2.075151818890146136e-04
1.370383276625568346e-04
1.761921355661444746e-04
1.526998508239918906e-04
1.526998508239918906e-04
1.644459931950681961e-04
1.409537084529155851e-04
1.957690395179383081e-04
1.487844700336331131e-04
1.566152316143506614e-05
1.292075660818392795e-04
1.135460429204042236e-04
1.096306621300454596e-04
1.644459931950681961e-04
9.005375817825162605e-05
1.174614237107629876e-05
1.605306124047094186e-04
1.644459931950681961e-04
1.761921355661444746e-04
2.075151818890146136e-04
1.840228971468620296e-04
2.153459434697321416e-04
6.264609264574026455e-05
1.605306124047094186e-04
2.153459434697321416e-04
1.448690892432743626e-04
6.264609264574026455e-05
1.801075163565032521e-04
1.448690892432743626e-04
4.306918869394643103e-05
7.439223501681655653e-05
1.683613739854269466e-04
1.683613739854269466e-04
1.017999005493279316e-04
1.487844700336331131e-04
1.135460429204042236e-04
7.047685422645779253e-05
2.153459434697321416e-04
4.698456948430519502e-05
1.526998508239918906e-04
1.526998508239918906e-04
2.427536090022435031e-04
7.830761580717532052e-05
1.683613739854269466e-04
7.830761580717533068e-06
1.487844700336331131e-04
4.306918869394643103e-05
1.331229468721980571e-04
1.683613739854269466e-04
8.613837738789286206e-05
1.879382779372207801e-04
1.213768045011217515e-04
1.057152813396866956e-04
1.017999005493279316e-04
1.174614237107629876e-04
1.957690395179383081e-04
1.252921852914805291e-04
1.370383276625568346e-04
1.448690892432743626e-04
7.830761580717532052e-05
3.915380790358766534e-06
8.613837738789286206e-05
1.683613739854269466e-04
1.879382779372207801e-04
1.057152813396866956e-04
1.683613739854269466e-04
1.370383276625568346e-04
1.840228971468620296e-04
1.957690395179383081e-04
1.213768045011217515e-04
9.788451975896915404e-05
1.017999005493279316e-04
2.349228474215259751e-05
1.331229468721980571e-04
6.656147343609902854e-05
1.918536587275795576e-04
1.252921852914805291e-04
1.096306621300454596e-04
2.153459434697321416e-04
1.566152316143506410e-04
2.035998010986558632e-04
1.252921852914805291e-04
7.830761580717533068e-06
7.830761580717532052e-05
5.481533106502272978e-05
1.683613739854269466e-04
2.192613242600909191e-04
7.830761580717532052e-05
9.788451975896915404e-05
1.605306124047094186e-04
1.840228971468620296e-04
1.331229468721980571e-04
9.005375817825162605e-05
1.879382779372207801e-04
7.047685422645779253e-05
1.918536587275795576e-04
1.566152316143506410e-04
1.957690395179383013e-05
1.135460429204042236e-04
2.192613242600909191e-04
1.957690395179383081e-04
1.409537084529155851e-04
1.566152316143506410e-04
1.017999005493279316e-04
3.915380790358766534e-06
8.222299659753409806e-05
1.996844203082970856e-04
1.331229468721980571e-04
7.439223501681655653e-05
1.840228971468620296e-04
1.879382779372207801e-04
3.523842711322889627e-05
7.439223501681655653e-05
6.264609264574026455e-05
1.292075660818392795e-04
1.409537084529155851e-04
1.918536587275795576e-04
1.683613739854269466e-04
1.135460429204042236e-04
1.526998508239918906e-04
1.135460429204042236e-04
1.722767547757857241e-04
1.644459931950681961e-04
1.017999005493279316e-04
9.788451975896915404e-05
1.840228971468620296e-04
1.174614237107629876e-05
1.566152316143506614e-05
1.840228971468620296e-04
7.439223501681655653e-05
1.292075660818392795e-04
1.448690892432743626e-04
1.096306621300454596e-04
2.153459434697321416e-04
1.801075163565032521e-04
1.057152813396866956e-04
1.487844700336331131e-04
1.292075660818392795e-04
5.873071185538149378e-05
3.915380790358766026e-05
3.915380790358766534e-06
7.439223501681655653e-05
1.487844700336331131e-04
1.017999005493279316e-04
1.644459931950681961e-04
5.873071185538149378e-05
1.331229468721980571e-04
8.222299659753409806e-05
1.292075660818392795e-04
4.698456948430519502e-05
1.370383276625568346e-04
8.613837738789286206e-05
1.996844203082970856e-04
7.830761580717532052e-05
4.306918869394643103e-05
1.017999005493279316e-04
7.439223501681655653e-05
9.788451975896915404e-05
8.222299659753409806e-05
1.644459931950681961e-04
1.605306124047094186e-04
6.656147343609902854e-05
1.252921852914805291e-04
1.722767547757857241e-04
9.396913896861039004e-05
1.487844700336331131e-04
3.915380790358766026e-05
1.879382779372207801e-04
1.057152813396866956e-04
2.153459434697321416e-04
4.306918869394643103e-05
1.840228971468620296e-04
9.396913896861039004e-05
1.644459931950681961e-04
5.481533106502272978e-05
1.526998508239918906e-04
4.698456948430519502e-05
9.396913896861039004e-05
1.840228971468620296e-04
1.448690892432743626e-04
1.801075163565032521e-04
1.370383276625568346e-04
2.349228474215259751e-05
1.487844700336331131e-04
8.222299659753409806e-05
1.566152316143506410e-04
1.252921852914805291e-04
7.439223501681655653e-05
8.613837738789286206e-05
1.409537084529155851e-04
5.873071185538149378e-05
1.331229468721980571e-04
1.801075163565032521e-04
3.523842711322889627e-05
6.656147343609902854e-05
9.396913896861039004e-05
1.213768045011217515e-04
1.057152813396866956e-04
1.096306621300454596e-04
1.331229468721980571e-04
1.487844700336331131e-04
1.487844700336331131e-04
6.264609264574026455e-05
1.370383276625568346e-04
5.481533106502272978e-05
1.174614237107629876e-05
9.788451975896915404e-05
1.526998508239918906e-04
2.349228474215259751e-05
1.409537084529155851e-04
9.788451975896915404e-05
7.439223501681655653e-05
5.873071185538149378e-05
1.017999005493279316e-04
1.370383276625568346e-04
7.047685422645779253e-05
1.957690395179383013e-05
7.439223501681655653e-05
4.698456948430519502e-05
1.448690892432743626e-04
8.222299659753409806e-05
1.370383276625568346e-04
1.331229468721980571e-04
1.252921852914805291e-04
1.566152316143506410e-04
8.613837738789286206e-05
6.264609264574026455e-05
9.005375817825162605e-05
1.448690892432743626e-04
8.613837738789286206e-05
1.722767547757857241e-04
1.370383276625568346e-04
1.605306124047094186e-04
1.213768045011217515e-04
1.135460429204042236e-04
1.487844700336331131e-04
1.409537084529155851e-04
1.331229468721980571e-04
7.047685422645779253e-05
1.252921852914805291e-04
9.396913896861039004e-05
1.370383276625568346e-04
1.761921355661444746e-04
1.448690892432743626e-04
1.252921852914805291e-04
4.306918869394643103e-05
1.448690892432743626e-04
1.174614237107629876e-04
1.605306124047094186e-04
1.409537084529155851e-04
1.292075660818392795e-04
1.409537084529155851e-04
7.830761580717533068e-06
1.135460429204042236e-04
6.264609264574026455e-05
9.788451975896915404e-05
1.722767547757857241e-04
1.448690892432743626e-04
1.840228971468620296e-04
1.174614237107629876e-04
1.213768045011217515e-04
1.566152316143506614e-05
1.761921355661444746e-04
2.349228474215259751e-05
1.213768045011217515e-04
9.396913896861039004e-05
1.487844700336331131e-04
7.830761580717532052e-05
1.448690892432743626e-04
6.656147343609902854e-05
1.683613739854269466e-04
1.409537084529155851e-04
1.448690892432743626e-04
1.174614237107629876e-04
9.005375817825162605e-05
5.481533106502272978e-05
3.132304632287013227e-05
1.957690395179383013e-05
5.089995027466396579e-05
7.830761580717532052e-05
1.292075660818392795e-04
1.174614237107629876e-04
1.017999005493279316e-04
7.047685422645779253e-05
2.349228474215259751e-05
1.409537084529155851e-04
1.135460429204042236e-04
1.292075660818392795e-04
7.830761580717533068e-06
1.331229468721980571e-04
5.873071185538149378e-05
1.409537084529155851e-04
1.840228971468620296e-04
3.915380790358766026e-05
1.840228971468620296e-04
1.213768045011217515e-04
6.264609264574026455e-05
1.526998508239918906e-04
1.957690395179383013e-05
1.174614237107629876e-04
5.089995027466396579e-05
5.089995027466396579e-05
3.915380790358766534e-06
1.722767547757857241e-04
5.089995027466396579e-05
3.915380790358766534e-06
1.487844700336331131e-04
3.915380790358766534e-06
1.174614237107629876e-04
9.005375817825162605e-05
6.656147343609902854e-05
1.487844700336331131e-04
9.005375817825162605e-05
1.370383276625568346e-04
7.439223501681655653e-05
1.996844203082970856e-04
1.370383276625568346e-04
1.370383276625568346e-04
1.409537084529155851e-04
1.761921355661444746e-04
1.448690892432743626e-04
1.996844203082970856e-04
1.017999005493279316e-04
1.096306621300454596e-04
1.683613739854269466e-04
1.448690892432743626e-04
1.448690892432743626e-04
6.264609264574026455e-05
5.089995027466396579e-05
1.292075660818392795e-04
1.331229468721980571e-04
2.349228474215259751e-05
6.264609264574026455e-05
4.698456948430519502e-05
3.523842711322889627e-05
1.331229468721980571e-04
6.656147343609902854e-05
1.331229468721980571e-04
4.306918869394643103e-05
1.487844700336331131e-04
1.017999005493279316e-04
2.740766553251136489e-05
1.252921852914805291e-04
9.396913896861039004e-05
1.174614237107629876e-04
1.409537084529155851e-04
1.292075660818392795e-04
7.439223501681655653e-05
3.132304632287013227e-05
1.487844700336331131e-04
1.370383276625568346e-04
9.788451975896915404e-05
1.409537084529155851e-04
5.481533106502272978e-05
1.409537084529155851e-04
1.292075660818392795e-04
1.448690892432743626e-04
1.370383276625568346e-04
2.075151818890146136e-04
2.349228474215259751e-05
1.566152316143506410e-04
1.096306621300454596e-04
1.370383276625568346e-04
9.396913896861039004e-05
1.331229468721980571e-04
1.292075660818392795e-04
9.788451975896915404e-05
1.292075660818392795e-04
1.135460429204042236e-04
1.213768045011217515e-04
8.222299659753409806e-05
1.409537084529155851e-04
4.306918869394643103e-05
8.222299659753409806e-05
1.448690892432743626e-04
9.788451975896915404e-05
1.370383276625568346e-04
1.840228971468620296e-04
3.915380790358766534e-06
1.487844700336331131e-04
1.057152813396866956e-04
1.370383276625568346e-04
1.566152316143506614e-05
6.264609264574026455e-05
3.915380790358766026e-05
2.349228474215259751e-05
1.409537084529155851e-04
6.264609264574026455e-05
3.132304632287013227e-05
8.613837738789286206e-05
9.396913896861039004e-05
1.252921852914805291e-04
1.252921852914805291e-04
1.096306621300454596e-04
9.396913896861039004e-05
4.698456948430519502e-05
3.523842711322889627e-05
1.566152316143506410e-04
8.222299659753409806e-05
1.566152316143506410e-04
7.439223501681655653e-05
2.740766553251136489e-05
1.057152813396866956e-04
9.396913896861039004e-05
1.096306621300454596e-04
8.613837738789286206e-05
1.057152813396866956e-04
2.349228474215259751e-05
1.487844700336331131e-04
1.801075163565032521e-04
3.915380790358766026e-05
1.174614237107629876e-05
1.409537084529155851e-04
1.526998508239918906e-04
1.096306621300454596e-04
1.057152813396866956e-04
1.526998508239918906e-04
8.613837738789286206e-05
1.448690892432743626e-04
5.873071185538149378e-05
1.370383276625568346e-04
7.439223501681655653e-05
5.089995027466396579e-05
1.057152813396866956e-04
9.788451975896915404e-05
1.213768045011217515e-04
1.957690395179383013e-05
9.396913896861039004e-05
1.057152813396866956e-04
1.096306621300454596e-04
7.830761580717532052e-05
7.830761580717533068e-06
9.005375817825162605e-05
1.213768045011217515e-04
3.915380790358766534e-06
1.292075660818392795e-04
9.396913896861039004e-05
1.135460429204042236e-04
4.698456948430519502e-05
2.740766553251136489e-05
1.017999005493279316e-04
1.331229468721980571e-04
7.439223501681655653e-05
7.830761580717532052e-05
1.801075163565032521e-04
1.174614237107629876e-04
6.264609264574026455e-05
1.722767547757857241e-04
5.873071185538149378e-05
1.526998508239918906e-04
3.523842711322889627e-05
8.222299659753409806e-05
1.292075660818392795e-04
9.788451975896915404e-05
6.656147343609902854e-05
1.213768045011217515e-04
8.222299659753409806e-05
9.396913896861039004e-05
1.526998508239918906e-04
1.135460429204042236e-04
1.957690395179383013e-05
7.439223501681655653e-05
3.132304632287013227e-05
8.613837738789286206e-05
1.096306621300454596e-04
9.005375817825162605e-05
9.396913896861039004e-05
5.481533106502272978e-05
3.915380790358766534e-06
1.057152813396866956e-04
7.439223501681655653e-05
4.698456948430519502e-05
1.252921852914805291e-04
1.017999005493279316e-04
1.487844700336331131e-04
1.370383276625568346e-04
3.915380790358766534e-06
9.005375817825162605e-05
1.174614237107629876e-04
1.370383276625568346e-04
3.132304632287013227e-05
9.396913896861039004e-05
1.683613739854269466e-04
1.448690892432743626e-04
1.096306621300454596e-04
1.370383276625568346e-04
1.096306621300454596e-04
1.252921852914805291e-04
3.132304632287013227e-05
1.135460429204042236e-04
8.222299659753409806e-05
6.656147343609902854e-05
1.174614237107629876e-04
9.396913896861039004e-05
9.788451975896915404e-05
1.135460429204042236e-04
3.915380790358766534e-06
3.132304632287013227e-05
1.487844700336331131e-04
9.788451975896915404e-05
6.656147343609902854e-05
1.526998508239918906e-04
1.487844700336331131e-04
9.788451975896915404e-05
1.644459931950681961e-04
9.005375817825162605e-05
1.096306621300454596e-04
1.370383276625568346e-04
1.644459931950681961e-04
1.331229468721980571e-04
1.487844700336331131e-04
1.722767547757857241e-04
9.396913896861039004e-05
1.957690395179383013e-05
6.656147343609902854e-05
9.005375817825162605e-05
1.566152316143506614e-05
9.005375817825162605e-05
1.409537084529155851e-04
9.005375817825162605e-05
6.656147343609902854e-05
1.096306621300454596e-04
7.439223501681655653e-05
1.331229468721980571e-04
1.448690892432743626e-04
1.213768045011217515e-04
1.918536587275795576e-04
9.788451975896915404e-05
3.523842711322889627e-05
9.788451975896915404e-05
7.830761580717532052e-05
9.788451975896915404e-05
1.174614237107629876e-04
7.047685422645779253e-05
1.409537084529155851e-04
7.047685422645779253e-05
7.439223501681655653e-05
9.788451975896915404e-05
3.915380790358766534e-06
2.740766553251136489e-05
5.873071185538149378e-05
7.047685422645779253e-05
9.005375817825162605e-05
6.264609264574026455e-05
1.057152813396866956e-04
1.174614237107629876e-04
1.057152813396866956e-04
1.605306124047094186e-04
1.096306621300454596e-04
1.370383276625568346e-04
9.788451975896915404e-05
3.915380790358766026e-05
1.566152316143506614e-05
9.396913896861039004e-05
1.448690892432743626e-04
9.005375817825162605e-05
1.331229468721980571e-04
1.017999005493279316e-04
1.135460429204042236e-04
1.292075660818392795e-04
7.830761580717532052e-05
8.613837738789286206e-05
9.396913896861039004e-05
1.057152813396866956e-04
9.396913896861039004e-05
1.213768045011217515e-04
1.252921852914805291e-04
9.396913896861039004e-05
1.096306621300454596e-04
1.448690892432743626e-04
7.830761580717533068e-06
8.222299659753409806e-05
1.213768045011217515e-04
4.306918869394643103e-05
1.213768045011217515e-04
1.174614237107629876e-05
1.448690892432743626e-04
4.698456948430519502e-05
9.396913896861039004e-05
3.915380790358766534e-06
7.830761580717532052e-05
2.740766553251136489e-05
7.439223501681655653e-05
7.830761580717532052e-05
1.017999005493279316e-04
5.873071185538149378e-05
1.840228971468620296e-04
7.439223501681655653e-05
8.222299659753409806e-05
6.264609264574026455e-05
3.915380790358766534e-06
1.957690395179383013e-05
5.873071185538149378e-05
1.017999005493279316e-04
5.873071185538149378e-05
7.830761580717533068e-06
8.222299659753409806e-05
1.957690395179383013e-05
6.264609264574026455e-05
5.873071185538149378e-05
7.830761580717532052e-05
1.096306621300454596e-04
3.915380790358766534e-06
1.057152813396866956e-04
1.135460429204042236e-04
7.439223501681655653e-05
1.957690395179383013e-05
3.915380790358766534e-06
3.523842711322889627e-05
1.057152813396866956e-04
1.487844700336331131e-04
6.656147343609902854e-05
1.096306621300454596e-04
4.306918869394643103e-05
7.439223501681655653e-05
5.089995027466396579e-05
9.005375817825162605e-05
8.222299659753409806e-05
5.089995027466396579e-05
8.613837738789286206e-05
9.005375817825162605e-05
9.005375817825162605e-05
1.017999005493279316e-04
1.252921852914805291e-04
2.740766553251136489e-05
1.566152316143506614e-05
7.830761580717532052e-05
1.096306621300454596e-04
5.481533106502272978e-05
5.873071185538149378e-05
4.306918869394643103e-05
1.526998508239918906e-04
7.047685422645779253e-05
1.213768045011217515e-04
1.409537084529155851e-04
5.481533106502272978e-05
1.370383276625568346e-04
1.174614237107629876e-04
9.788451975896915404e-05
2.349228474215259751e-05
9.005375817825162605e-05
7.830761580717532052e-05
5.481533106502272978e-05
1.292075660818392795e-04
1.409537084529155851e-04
8.613837738789286206e-05
5.873071185538149378e-05
1.174614237107629876e-04
1.448690892432743626e-04
7.830761580717533068e-06
9.396913896861039004e-05
1.487844700336331131e-04
4.698456948430519502e-05
1.057152813396866956e-04
5.873071185538149378e-05
8.613837738789286206e-05
1.213768045011217515e-04
3.915380790358766534e-06
1.174614237107629876e-04
1.017999005493279316e-04
1.017999005493279316e-04
1.213768045011217515e-04
9.005375817825162605e-05
1.017999005493279316e-04
1.057152813396866956e-04
5.089995027466396579e-05
1.252921852914805291e-04
4.698456948430519502e-05
2.740766553251136489e-05
1.957690395179383013e-05
3.915380790358766026e-05
1.174614237107629876e-04
3.523842711322889627e-05
6.656147343609902854e-05
1.448690892432743626e-04
1.370383276625568346e-04
4.698456948430519502e-05
4.306918869394643103e-05
1.174614237107629876e-05
9.788451975896915404e-05
1.057152813396866956e-04
5.481533106502272978e-05
7.830761580717532052e-05
3.915380790358766534e-06
3.915380790358766534e-06
6.264609264574026455e-05
8.222299659753409806e-05
1.292075660818392795e-04
2.740766553251136489e-05
6.264609264574026455e-05
6.264609264574026455e-05
1.017999005493279316e-04
7.439223501681655653e-05
8.613837738789286206e-05
9.788451975896915404e-05
